NCOLS               80
NROWS              115
XLLCORNER       178400
YLLCORNER       329400
CELLSIZE            40
NODATA_VALUE     -9999
-9999 -9999 -9999 -9999 -9999 -9999 -9999 -9999 -9999 -9999 -9999 -9999 -9999 -9999 -9999 -9999 -9999 -9999 -9999 -9999 -9999 -9999 -9999 -9999 -9999 -9999 -9999 -9999 -9999 -9999 -9999 -9999 -9999 -9999 -9999 -9999 -9999 -9999 -9999 -9999 -9999 -9999 -9999 -9999 -9999 -9999 -9999 -9999 -9999 -9999 -9999 -9999 -9999 -9999 -9999 -9999 -9999 -9999 -9999 -9999 -9999 -9999 -9999 -9999 -9999 -9999 -9999 -9999 -9999 -9999 -9999 -9999 -9999 -9999 -9999 -9999 -9999 -9999 -9999 -9999
-9999 -9999 -9999 -9999 -9999 -9999 -9999 -9999 -9999 -9999 -9999 -9999 -9999 -9999 -9999 -9999 -9999 -9999 -9999 -9999 -9999 -9999 -9999 -9999 -9999 -9999 -9999 -9999 -9999 -9999 -9999 -9999 -9999 -9999 -9999 -9999 -9999 -9999 -9999 -9999 -9999 -9999 -9999 -9999 -9999 -9999 -9999 -9999 -9999 -9999 -9999 -9999 -9999 -9999 -9999 -9999 -9999 -9999 -9999 -9999 -9999 -9999 -9999 -9999 -9999 -9999 -9999 -9999 -9999 -9999 -9999 -9999 -9999 -9999 -9999 -9999 -9999 -9999 -9999 -9999
-9999 -9999 -9999 -9999 -9999 -9999 -9999 -9999 -9999 -9999 -9999 -9999 -9999 -9999 -9999 -9999 -9999 -9999 -9999 -9999 -9999 -9999 -9999 -9999 -9999 -9999 -9999 -9999 -9999 -9999 -9999 -9999 -9999 -9999 -9999 -9999 -9999 -9999 -9999 -9999 -9999 -9999 -9999 -9999 -9999 -9999 -9999 -9999 -9999 -9999 -9999 -9999 -9999 -9999 -9999 -9999 -9999 -9999 -9999 -9999 -9999 -9999 -9999 -9999 -9999 -9999 -9999 -9999 -9999 -9999 -9999 -9999 -9999 -9999 -9999 -9999 -9999 -9999 -9999 -9999
-9999 -9999 -9999 -9999 -9999 -9999 -9999 -9999 -9999 -9999 -9999 -9999 -9999 -9999 -9999 -9999 -9999 -9999 -9999 -9999 -9999 -9999 -9999 -9999 -9999 -9999 -9999 -9999 -9999 -9999 -9999 -9999 -9999 -9999 -9999 -9999 -9999 -9999 -9999 -9999 -9999 -9999 -9999 -9999 -9999 -9999 -9999 -9999 -9999 -9999 -9999 -9999 -9999 -9999 -9999 -9999 -9999 -9999 -9999 -9999 -9999 -9999 -9999 -9999 -9999 -9999 -9999 -9999 -9999 -9999 -9999 -9999 -9999 -9999 -9999 -9999 -9999 -9999 -9999 -9999
-9999 -9999 -9999 -9999 -9999 -9999 -9999 -9999 -9999 -9999 -9999 -9999 -9999 -9999 -9999 -9999 -9999 -9999 -9999 -9999 -9999 -9999 -9999 -9999 -9999 -9999 -9999 -9999 -9999 -9999 -9999 -9999 -9999 -9999 -9999 -9999 -9999 -9999 -9999 -9999 -9999 -9999 -9999 -9999 -9999 -9999 -9999 -9999 -9999 -9999 -9999 -9999 -9999 -9999 -9999 -9999 -9999 -9999 -9999 -9999 -9999 -9999 -9999 -9999 -9999 -9999 -9999 -9999 -9999 -9999 -9999 -9999 -9999 -9999 -9999 -9999 -9999 -9999 -9999 -9999
-9999 -9999 -9999 -9999 -9999 -9999 -9999 -9999 -9999 -9999 -9999 -9999 -9999 -9999 -9999 -9999 -9999 -9999 -9999 -9999 -9999 -9999 -9999 -9999 -9999 -9999 -9999 -9999 -9999 -9999 -9999 -9999 -9999 -9999 -9999 -9999 -9999 -9999 -9999 -9999 -9999 -9999 -9999 -9999 -9999 -9999 -9999 -9999 -9999 -9999 -9999 -9999 -9999 -9999 -9999 -9999 -9999 -9999 -9999 -9999 -9999 -9999 -9999 -9999 -9999 -9999 -9999 -9999 -9999 -9999 -9999 -9999 -9999 -9999 -9999 -9999 -9999 -9999 -9999 -9999
-9999 -9999 -9999 -9999 -9999 -9999 -9999 -9999 -9999 -9999 -9999 -9999 -9999 -9999 -9999 -9999 -9999 -9999 -9999 -9999 -9999 -9999 -9999 -9999 -9999 -9999 -9999 -9999 -9999 -9999 -9999 -9999 -9999 -9999 -9999 -9999 -9999 -9999 -9999 -9999 -9999 -9999 -9999 -9999 -9999 -9999 -9999 -9999 -9999 -9999 -9999 -9999 -9999 -9999 -9999 -9999 -9999 -9999 -9999 -9999 -9999 -9999 -9999 -9999 -9999 -9999 -9999 -9999 -9999 0.334489 -9999 -9999 -9999 -9999 -9999 -9999 -9999 -9999 -9999 -9999
-9999 -9999 -9999 -9999 -9999 -9999 -9999 -9999 -9999 -9999 -9999 -9999 -9999 -9999 -9999 -9999 -9999 -9999 -9999 -9999 -9999 -9999 -9999 -9999 -9999 -9999 -9999 -9999 -9999 -9999 -9999 -9999 -9999 -9999 -9999 -9999 -9999 -9999 -9999 -9999 -9999 -9999 -9999 -9999 -9999 -9999 -9999 -9999 -9999 -9999 -9999 -9999 -9999 -9999 -9999 -9999 -9999 -9999 -9999 -9999 -9999 -9999 -9999 -9999 -9999 -9999 -9999 -9999 0.261224 0.283181 0.30681 -9999 -9999 -9999 -9999 -9999 -9999 -9999 -9999 -9999
-9999 -9999 -9999 -9999 -9999 -9999 -9999 -9999 -9999 -9999 -9999 -9999 -9999 -9999 -9999 -9999 -9999 -9999 -9999 -9999 -9999 -9999 -9999 -9999 -9999 -9999 -9999 -9999 -9999 -9999 -9999 -9999 -9999 -9999 -9999 -9999 -9999 -9999 -9999 -9999 -9999 -9999 -9999 -9999 -9999 -9999 -9999 -9999 -9999 -9999 -9999 -9999 -9999 -9999 -9999 -9999 -9999 -9999 -9999 -9999 -9999 -9999 -9999 -9999 -9999 -9999 -9999 0.184979 0.208939 0.234705 0.260731 -9999 -9999 -9999 -9999 -9999 -9999 -9999 -9999 -9999
-9999 -9999 -9999 -9999 -9999 -9999 -9999 -9999 -9999 -9999 -9999 -9999 -9999 -9999 -9999 -9999 -9999 -9999 -9999 -9999 -9999 -9999 -9999 -9999 -9999 -9999 -9999 -9999 -9999 -9999 -9999 -9999 -9999 -9999 -9999 -9999 -9999 -9999 -9999 -9999 -9999 -9999 -9999 -9999 -9999 -9999 -9999 -9999 -9999 -9999 -9999 -9999 -9999 -9999 -9999 -9999 -9999 -9999 -9999 -9999 -9999 -9999 -9999 -9999 -9999 -9999 0.116868 0.1343 0.166751 0.191603 0.216887 0.242466 -9999 -9999 -9999 -9999 -9999 -9999 -9999 -9999
-9999 -9999 -9999 -9999 -9999 -9999 -9999 -9999 -9999 -9999 -9999 -9999 -9999 -9999 -9999 -9999 -9999 -9999 -9999 -9999 -9999 -9999 -9999 -9999 -9999 -9999 -9999 -9999 -9999 -9999 -9999 -9999 -9999 -9999 -9999 -9999 -9999 -9999 -9999 -9999 -9999 -9999 -9999 -9999 -9999 -9999 -9999 -9999 -9999 -9999 -9999 -9999 -9999 -9999 -9999 -9999 -9999 -9999 -9999 -9999 -9999 -9999 -9999 -9999 -9999 0.120033 0.113253 0.126228 0.138018 0.151289 0.177546 0.200799 0.22326 -9999 -9999 -9999 -9999 -9999 -9999 -9999
-9999 -9999 -9999 -9999 -9999 -9999 -9999 -9999 -9999 -9999 -9999 -9999 -9999 -9999 -9999 -9999 -9999 -9999 -9999 -9999 -9999 -9999 -9999 -9999 -9999 -9999 -9999 -9999 -9999 -9999 -9999 -9999 -9999 -9999 -9999 -9999 -9999 -9999 -9999 -9999 -9999 -9999 -9999 -9999 -9999 -9999 -9999 -9999 -9999 -9999 -9999 -9999 -9999 -9999 -9999 -9999 -9999 -9999 -9999 -9999 -9999 -9999 -9999 -9999 0.161485 0.119225 0.127168 0.134207 0.11955 0.114725 0.14964 0.164015 0.176006 -9999 -9999 -9999 -9999 -9999 -9999 -9999
-9999 -9999 -9999 -9999 -9999 -9999 -9999 -9999 -9999 -9999 -9999 -9999 -9999 -9999 -9999 -9999 -9999 -9999 -9999 -9999 -9999 -9999 -9999 -9999 -9999 -9999 -9999 -9999 -9999 -9999 -9999 -9999 -9999 -9999 -9999 -9999 -9999 -9999 -9999 -9999 -9999 -9999 -9999 -9999 -9999 -9999 -9999 -9999 -9999 -9999 -9999 -9999 -9999 -9999 -9999 -9999 -9999 -9999 -9999 -9999 -9999 -9999 -9999 0.202137 0.172724 0.152718 0.149284 0.14759 0.136583 0.13333 0.143302 0.13725 0.122818 0.169944 -9999 -9999 -9999 -9999 -9999 -9999
-9999 -9999 -9999 -9999 -9999 -9999 -9999 -9999 -9999 -9999 -9999 -9999 -9999 -9999 -9999 -9999 -9999 -9999 -9999 -9999 -9999 -9999 -9999 -9999 -9999 -9999 -9999 -9999 -9999 -9999 -9999 -9999 -9999 -9999 -9999 -9999 -9999 -9999 -9999 -9999 -9999 -9999 -9999 -9999 -9999 -9999 -9999 -9999 -9999 -9999 -9999 -9999 -9999 -9999 -9999 -9999 -9999 -9999 -9999 -9999 -9999 -9999 -9999 0.192948 0.175284 0.163008 0.1588 0.156033 0.150233 0.147454 0.147198 0.136765 0.125205 0.160532 -9999 -9999 -9999 -9999 -9999 -9999
-9999 -9999 -9999 -9999 -9999 -9999 -9999 -9999 -9999 -9999 -9999 -9999 -9999 -9999 -9999 -9999 -9999 -9999 -9999 -9999 -9999 -9999 -9999 -9999 -9999 -9999 -9999 -9999 -9999 -9999 -9999 -9999 -9999 -9999 -9999 -9999 -9999 -9999 -9999 -9999 -9999 -9999 -9999 -9999 -9999 -9999 -9999 -9999 -9999 -9999 -9999 -9999 -9999 -9999 -9999 -9999 -9999 -9999 -9999 -9999 -9999 -9999 0.18622 0.175886 0.162797 0.150841 0.150392 0.150939 0.143275 0.140596 0.146705 0.146441 0.146707 0.164894 0.198629 -9999 -9999 -9999 -9999 -9999
-9999 -9999 -9999 -9999 -9999 -9999 -9999 -9999 -9999 -9999 -9999 -9999 -9999 -9999 -9999 -9999 -9999 -9999 -9999 -9999 -9999 -9999 -9999 -9999 -9999 -9999 -9999 -9999 -9999 -9999 -9999 -9999 -9999 -9999 -9999 -9999 -9999 -9999 -9999 -9999 -9999 -9999 -9999 -9999 -9999 -9999 -9999 -9999 -9999 -9999 -9999 -9999 -9999 -9999 -9999 -9999 -9999 -9999 -9999 -9999 -9999 0.159204 0.151619 0.154688 0.142894 0.117176 0.13076 0.14009 0.122914 0.115224 0.140199 0.1438 0.140333 0.154616 0.184218 0.221056 -9999 -9999 -9999 -9999
-9999 -9999 -9999 -9999 -9999 -9999 -9999 -9999 -9999 -9999 -9999 -9999 -9999 -9999 -9999 -9999 -9999 -9999 -9999 -9999 -9999 -9999 -9999 -9999 -9999 -9999 -9999 -9999 -9999 -9999 -9999 -9999 -9999 -9999 -9999 -9999 -9999 -9999 -9999 -9999 -9999 -9999 -9999 -9999 -9999 -9999 -9999 -9999 -9999 -9999 -9999 -9999 -9999 -9999 -9999 -9999 -9999 -9999 -9999 -9999 -9999 0.115246 0.122236 0.139735 0.134224 0.116923 0.128602 0.138787 0.130551 0.128558 0.141926 0.136453 0.108933 0.132252 0.162961 0.197589 -9999 -9999 -9999 -9999
-9999 -9999 -9999 -9999 -9999 -9999 -9999 -9999 -9999 -9999 -9999 -9999 -9999 -9999 -9999 -9999 -9999 -9999 -9999 -9999 -9999 -9999 -9999 -9999 -9999 -9999 -9999 -9999 -9999 -9999 -9999 -9999 -9999 -9999 -9999 -9999 -9999 -9999 -9999 -9999 -9999 -9999 -9999 -9999 -9999 -9999 -9999 -9999 -9999 -9999 -9999 -9999 -9999 -9999 -9999 -9999 -9999 -9999 -9999 -9999 0.145368 0.124731 0.127569 0.131339 0.128263 0.129009 0.133128 0.139101 0.142391 0.146619 0.15004 0.142226 0.125086 0.128588 0.137615 0.16874 0.221904 -9999 -9999 -9999
-9999 -9999 -9999 -9999 -9999 -9999 -9999 -9999 -9999 -9999 -9999 -9999 -9999 -9999 -9999 -9999 -9999 -9999 -9999 -9999 -9999 -9999 -9999 -9999 -9999 -9999 -9999 -9999 -9999 -9999 -9999 -9999 -9999 -9999 -9999 -9999 -9999 -9999 -9999 -9999 -9999 -9999 -9999 -9999 -9999 -9999 -9999 -9999 -9999 -9999 -9999 -9999 -9999 -9999 -9999 -9999 -9999 -9999 -9999 -9999 0.116933 0.12131 0.131892 0.119992 0.104664 0.11971 0.116207 0.124039 0.134735 0.146591 0.151442 0.150239 0.145272 0.135867 0.109134 0.148761 0.212568 -9999 -9999 -9999
-9999 -9999 -9999 -9999 -9999 -9999 -9999 -9999 -9999 -9999 -9999 -9999 -9999 -9999 -9999 -9999 -9999 -9999 -9999 -9999 -9999 -9999 -9999 -9999 -9999 -9999 -9999 -9999 -9999 -9999 -9999 -9999 -9999 -9999 -9999 -9999 -9999 -9999 -9999 -9999 -9999 -9999 -9999 -9999 -9999 -9999 -9999 -9999 -9999 -9999 -9999 -9999 -9999 -9999 -9999 -9999 -9999 -9999 -9999 0.15763 0.124474 0.127724 0.136882 0.128107 0.116259 0.114016 0.098118 0.102776 0.114865 0.135512 0.13877 0.144888 0.153348 0.153029 0.149105 0.173996 0.223658 0.278171 -9999 -9999
-9999 -9999 -9999 -9999 -9999 -9999 -9999 -9999 -9999 -9999 -9999 -9999 -9999 -9999 -9999 -9999 -9999 -9999 -9999 -9999 -9999 -9999 -9999 -9999 -9999 -9999 -9999 -9999 -9999 -9999 -9999 -9999 -9999 -9999 -9999 -9999 -9999 -9999 -9999 -9999 -9999 -9999 -9999 -9999 -9999 -9999 -9999 -9999 -9999 -9999 -9999 -9999 -9999 -9999 -9999 -9999 -9999 -9999 -9999 0.152535 0.137689 0.134969 0.140079 0.137657 0.121327 0.107639 0.119222 0.120814 0.123305 0.124809 0.109539 0.128478 0.157399 0.17258 0.184195 0.206933 0.24458 0.290754 0.340056 -9999
-9999 -9999 -9999 -9999 -9999 -9999 -9999 -9999 -9999 -9999 -9999 -9999 -9999 -9999 -9999 -9999 -9999 -9999 -9999 -9999 -9999 -9999 -9999 -9999 -9999 -9999 -9999 -9999 -9999 -9999 -9999 -9999 -9999 -9999 -9999 -9999 -9999 -9999 -9999 -9999 -9999 -9999 -9999 -9999 -9999 -9999 -9999 -9999 -9999 -9999 -9999 -9999 -9999 -9999 -9999 -9999 -9999 -9999 -9999 0.132075 0.128184 0.117449 0.133656 0.141741 0.128374 0.115963 0.1326 0.13884 0.132338 0.113675 0.110947 0.135086 0.166024 0.187629 0.206232 0.22994 0.263151 0.303566 0.349113 -9999
-9999 -9999 -9999 -9999 -9999 -9999 -9999 -9999 -9999 -9999 -9999 -9999 -9999 -9999 -9999 -9999 -9999 -9999 -9999 -9999 -9999 -9999 -9999 -9999 -9999 -9999 -9999 -9999 -9999 -9999 -9999 -9999 -9999 -9999 -9999 -9999 -9999 -9999 -9999 -9999 -9999 -9999 -9999 -9999 -9999 -9999 -9999 -9999 -9999 -9999 -9999 -9999 -9999 -9999 -9999 -9999 -9999 -9999 0.1274 0.112128 0.125451 0.112931 0.136127 0.148727 0.142991 0.135803 0.141111 0.147124 0.139565 0.115287 0.127308 0.153928 0.176909 0.196231 0.21581 0.24115 0.273694 0.313266 -9999 -9999
-9999 -9999 -9999 -9999 -9999 -9999 -9999 -9999 -9999 -9999 -9999 -9999 -9999 -9999 -9999 -9999 -9999 -9999 -9999 -9999 -9999 -9999 -9999 -9999 -9999 -9999 -9999 -9999 -9999 -9999 -9999 -9999 -9999 -9999 -9999 -9999 -9999 -9999 -9999 -9999 -9999 -9999 -9999 -9999 -9999 -9999 -9999 -9999 -9999 -9999 -9999 -9999 -9999 -9999 -9999 -9999 -9999 0.164408 0.142375 0.138774 0.146056 0.149015 0.15582 0.157763 0.145708 0.126006 0.133016 0.149147 0.151673 0.1477 0.154041 0.168381 0.181536 0.194386 0.212698 0.240116 0.276458 0.318431 -9999 -9999
-9999 -9999 -9999 -9999 -9999 -9999 -9999 -9999 -9999 -9999 -9999 -9999 -9999 -9999 -9999 -9999 -9999 -9999 -9999 -9999 -9999 -9999 -9999 -9999 -9999 -9999 -9999 -9999 -9999 -9999 -9999 -9999 -9999 -9999 -9999 -9999 -9999 -9999 -9999 -9999 -9999 -9999 -9999 -9999 -9999 -9999 -9999 -9999 -9999 -9999 -9999 -9999 -9999 -9999 -9999 -9999 -9999 0.146107 0.147322 0.157012 0.165571 0.169759 0.170486 0.165214 0.148033 0.115619 0.12776 0.149315 0.156293 0.159951 0.166676 0.173142 0.175248 0.17822 0.195424 0.229422 0.273155 -9999 -9999 -9999
-9999 -9999 -9999 -9999 -9999 -9999 -9999 -9999 -9999 -9999 -9999 -9999 -9999 -9999 -9999 -9999 -9999 -9999 -9999 -9999 -9999 -9999 -9999 -9999 -9999 -9999 -9999 -9999 -9999 -9999 -9999 -9999 -9999 -9999 -9999 -9999 -9999 -9999 -9999 -9999 -9999 -9999 -9999 -9999 -9999 -9999 -9999 -9999 -9999 -9999 -9999 -9999 -9999 -9999 -9999 -9999 0.141884 0.107532 0.140469 0.162864 0.174388 0.176927 0.17381 0.167767 0.15797 0.146654 0.146322 0.148898 0.146273 0.152211 0.164584 0.169234 0.160359 0.145639 0.165814 0.215301 0.268587 -9999 -9999 -9999
-9999 -9999 -9999 -9999 -9999 -9999 -9999 -9999 -9999 -9999 -9999 -9999 -9999 -9999 -9999 -9999 -9999 -9999 -9999 -9999 -9999 -9999 -9999 -9999 -9999 -9999 -9999 -9999 -9999 -9999 -9999 -9999 -9999 -9999 -9999 -9999 -9999 -9999 -9999 -9999 -9999 -9999 -9999 -9999 -9999 -9999 -9999 -9999 -9999 -9999 -9999 -9999 -9999 -9999 -9999 -9999 0.134705 0.118436 0.139823 0.163586 0.174603 0.172349 0.162892 0.158212 0.160067 0.160297 0.156509 0.143844 0.118026 0.130559 0.15721 0.165855 0.153589 0.119102 0.15032 0.213615 -9999 -9999 -9999 -9999
-9999 -9999 -9999 -9999 -9999 -9999 -9999 -9999 -9999 -9999 -9999 -9999 -9999 -9999 -9999 -9999 -9999 -9999 -9999 -9999 -9999 -9999 -9999 -9999 -9999 -9999 -9999 -9999 -9999 -9999 -9999 -9999 -9999 -9999 -9999 -9999 -9999 -9999 -9999 -9999 -9999 -9999 -9999 -9999 -9999 -9999 -9999 -9999 -9999 -9999 -9999 -9999 -9999 -9999 -9999 0.147477 0.124948 0.109032 0.136965 0.16273 0.171251 0.161448 0.137234 0.131509 0.150788 0.160204 0.157677 0.142408 0.119744 0.12948 0.156049 0.170321 0.169492 0.16454 0.186801 0.235126 -9999 -9999 -9999 -9999
-9999 -9999 -9999 -9999 -9999 -9999 -9999 -9999 -9999 -9999 -9999 -9999 -9999 -9999 -9999 -9999 -9999 -9999 -9999 -9999 -9999 -9999 -9999 -9999 -9999 -9999 -9999 -9999 -9999 -9999 -9999 -9999 -9999 -9999 -9999 -9999 -9999 -9999 -9999 -9999 -9999 -9999 -9999 -9999 -9999 -9999 -9999 -9999 -9999 -9999 -9999 -9999 -9999 -9999 -9999 0.112095 0.115668 0.114901 0.141593 0.164171 0.169293 0.155671 0.125208 0.117276 0.141041 0.15204 0.152317 0.139221 0.122021 0.131839 0.157821 0.179688 0.193341 0.206025 0.230191 -9999 -9999 -9999 -9999 -9999
-9999 -9999 -9999 -9999 -9999 -9999 -9999 -9999 -9999 -9999 -9999 -9999 -9999 -9999 -9999 -9999 -9999 -9999 -9999 -9999 -9999 -9999 -9999 -9999 -9999 -9999 -9999 -9999 -9999 -9999 -9999 -9999 -9999 -9999 -9999 -9999 -9999 -9999 -9999 -9999 -9999 -9999 -9999 -9999 -9999 -9999 -9999 -9999 -9999 -9999 -9999 -9999 -9999 -9999 -9999 0.122183 0.126766 0.138064 0.153322 0.167184 0.168968 0.155829 0.136167 0.128831 0.13072 0.134538 0.142154 0.131919 0.0974334 0.1191 0.156615 0.18954 0.215524 0.239399 0.267687 -9999 -9999 -9999 -9999 -9999
-9999 -9999 -9999 -9999 -9999 -9999 -9999 -9999 -9999 -9999 -9999 -9999 -9999 -9999 -9999 -9999 -9999 -9999 -9999 -9999 -9999 -9999 -9999 -9999 -9999 -9999 -9999 -9999 -9999 -9999 -9999 -9999 -9999 -9999 -9999 -9999 -9999 -9999 -9999 -9999 -9999 -9999 -9999 -9999 -9999 -9999 -9999 -9999 -9999 -9999 -9999 -9999 -9999 -9999 0.148128 0.135231 0.133204 0.138805 0.152255 0.165815 0.167313 0.151882 0.125032 0.118707 0.114146 0.106877 0.136011 0.135961 0.11359 0.109432 0.160223 0.201625 0.235926 0.267007 -9999 -9999 -9999 -9999 -9999 -9999
-9999 -9999 -9999 -9999 -9999 -9999 -9999 -9999 -9999 -9999 -9999 -9999 -9999 -9999 -9999 -9999 -9999 -9999 -9999 -9999 -9999 -9999 -9999 -9999 -9999 -9999 -9999 -9999 -9999 -9999 -9999 -9999 -9999 -9999 -9999 -9999 -9999 -9999 -9999 -9999 -9999 -9999 -9999 -9999 -9999 -9999 -9999 -9999 -9999 -9999 -9999 -9999 -9999 -9999 0.128255 0.122063 0.116243 0.114061 0.136938 0.160268 0.166212 0.151528 0.11756 0.111597 0.11676 0.125064 0.143927 0.149301 0.141404 0.145934 0.179489 0.21873 0.255982 0.291404 -9999 -9999 -9999 -9999 -9999 -9999
-9999 -9999 -9999 -9999 -9999 -9999 -9999 -9999 -9999 -9999 -9999 -9999 -9999 -9999 -9999 -9999 -9999 -9999 -9999 -9999 -9999 -9999 -9999 -9999 -9999 -9999 -9999 -9999 -9999 -9999 -9999 -9999 -9999 -9999 -9999 -9999 -9999 -9999 -9999 -9999 -9999 -9999 -9999 -9999 -9999 -9999 -9999 -9999 -9999 -9999 -9999 -9999 -9999 0.116641 0.114229 0.110522 0.101585 0.0986121 0.126982 0.157537 0.169126 0.161793 0.142171 0.121029 0.106686 0.135534 0.154858 0.162546 0.165225 0.176188 0.202345 0.237597 0.275352 -9999 -9999 -9999 -9999 -9999 -9999 -9999
-9999 -9999 -9999 -9999 -9999 -9999 -9999 -9999 -9999 -9999 -9999 -9999 -9999 -9999 -9999 -9999 -9999 -9999 -9999 -9999 -9999 -9999 -9999 -9999 -9999 -9999 -9999 -9999 -9999 -9999 -9999 -9999 -9999 -9999 -9999 -9999 -9999 -9999 -9999 -9999 -9999 -9999 -9999 -9999 -9999 -9999 -9999 -9999 -9999 -9999 -9999 -9999 -9999 0.137544 0.134603 0.132358 0.12187 0.0972454 0.132073 0.161897 0.174891 0.172887 0.160138 0.140135 0.128514 0.148072 0.161891 0.166017 0.170804 0.187107 0.216175 0.253045 0.292741 -9999 -9999 -9999 -9999 -9999 -9999 -9999
-9999 -9999 -9999 -9999 -9999 -9999 -9999 -9999 -9999 -9999 -9999 -9999 -9999 -9999 -9999 -9999 -9999 -9999 -9999 -9999 -9999 -9999 -9999 -9999 -9999 -9999 -9999 -9999 -9999 -9999 -9999 -9999 -9999 -9999 -9999 -9999 -9999 -9999 -9999 -9999 -9999 -9999 -9999 -9999 -9999 -9999 -9999 -9999 -9999 -9999 -9999 -9999 0.13759 0.14137 0.148033 0.151201 0.146958 0.141944 0.154147 0.170969 0.179195 0.178441 0.172101 0.164031 0.160906 0.164803 0.164455 0.155714 0.155119 0.181309 0.221271 0.264532 -9999 -9999 -9999 -9999 -9999 -9999 -9999 -9999
-9999 -9999 -9999 -9999 -9999 -9999 -9999 -9999 -9999 -9999 -9999 -9999 -9999 -9999 -9999 -9999 -9999 -9999 -9999 -9999 -9999 -9999 -9999 -9999 -9999 -9999 -9999 -9999 -9999 -9999 -9999 -9999 -9999 -9999 -9999 -9999 -9999 -9999 -9999 -9999 -9999 -9999 -9999 -9999 -9999 -9999 -9999 -9999 -9999 -9999 -9999 0.117533 0.110447 0.12775 0.146884 0.159476 0.164149 0.166561 0.171536 0.176136 0.176027 0.172802 0.171339 0.173051 0.175588 0.175277 0.165359 0.139371 0.118009 0.172496 0.226466 0.276796 -9999 -9999 -9999 -9999 -9999 -9999 -9999 -9999
-9999 -9999 -9999 -9999 -9999 -9999 -9999 -9999 -9999 -9999 -9999 -9999 -9999 -9999 -9999 -9999 -9999 -9999 -9999 -9999 -9999 -9999 -9999 -9999 -9999 -9999 -9999 -9999 -9999 -9999 -9999 -9999 -9999 -9999 -9999 -9999 -9999 -9999 -9999 -9999 -9999 -9999 -9999 -9999 -9999 -9999 -9999 -9999 -9999 -9999 0.147092 0.128377 0.112624 0.104227 0.140058 0.157256 0.166588 0.172997 0.175261 0.171154 0.161189 0.150807 0.153257 0.166817 0.177488 0.180717 0.173302 0.154454 0.148189 0.190028 0.242717 -9999 -9999 -9999 -9999 -9999 -9999 -9999 -9999 -9999
-9999 -9999 -9999 -9999 -9999 -9999 -9999 -9999 -9999 -9999 -9999 -9999 -9999 -9999 -9999 -9999 -9999 -9999 -9999 -9999 -9999 -9999 -9999 -9999 -9999 -9999 -9999 -9999 -9999 -9999 -9999 -9999 -9999 -9999 -9999 -9999 -9999 -9999 -9999 -9999 -9999 -9999 -9999 -9999 -9999 -9999 -9999 -9999 -9999 0.128085 0.134919 0.140926 0.134963 0.131363 0.140245 0.144643 0.154126 0.166297 0.168746 0.157477 0.136947 0.1146 0.122889 0.152795 0.171231 0.182531 0.186802 0.187224 0.197053 0.227461 0.270793 -9999 -9999 -9999 -9999 -9999 -9999 -9999 -9999 -9999
-9999 -9999 -9999 -9999 -9999 -9999 -9999 -9999 -9999 -9999 -9999 -9999 -9999 -9999 -9999 -9999 -9999 -9999 -9999 -9999 -9999 -9999 -9999 -9999 -9999 -9999 -9999 -9999 -9999 -9999 -9999 -9999 -9999 -9999 -9999 -9999 -9999 -9999 -9999 -9999 -9999 -9999 -9999 -9999 -9999 -9999 -9999 -9999 0.149911 0.116284 0.135098 0.150397 0.152758 0.149622 0.140207 0.117186 0.131385 0.155116 0.159828 0.144146 0.10792 0.10913 0.121979 0.139662 0.157875 0.179485 0.198183 0.214555 0.23489 0.264705 -9999 -9999 -9999 -9999 -9999 -9999 -9999 -9999 -9999 -9999
-9999 -9999 -9999 -9999 -9999 -9999 -9999 -9999 -9999 -9999 -9999 -9999 -9999 -9999 -9999 -9999 -9999 -9999 -9999 -9999 -9999 -9999 -9999 -9999 -9999 -9999 -9999 -9999 -9999 -9999 -9999 -9999 -9999 -9999 -9999 -9999 -9999 -9999 -9999 -9999 -9999 -9999 -9999 -9999 -9999 -9999 -9999 0.16515 0.154189 0.145462 0.149302 0.155027 0.156642 0.155342 0.145606 0.125362 0.131814 0.148555 0.154094 0.145948 0.127559 0.128208 0.129498 0.118308 0.135244 0.173088 0.206123 0.235382 0.264788 0.297555 -9999 -9999 -9999 -9999 -9999 -9999 -9999 -9999 -9999 -9999
-9999 -9999 -9999 -9999 -9999 -9999 -9999 -9999 -9999 -9999 -9999 -9999 -9999 -9999 -9999 -9999 -9999 -9999 -9999 -9999 -9999 -9999 -9999 -9999 -9999 -9999 -9999 -9999 -9999 -9999 -9999 -9999 -9999 -9999 -9999 -9999 -9999 -9999 -9999 -9999 -9999 -9999 -9999 -9999 -9999 -9999 0.135714 0.146913 0.149851 0.1506 0.151539 0.146947 0.143574 0.151084 0.154033 0.148228 0.142271 0.139063 0.146012 0.154169 0.154131 0.14987 0.137068 0.113625 0.12774 0.17174 0.214503 0.253297 0.289867 -9999 -9999 -9999 -9999 -9999 -9999 -9999 -9999 -9999 -9999 -9999
-9999 -9999 -9999 -9999 -9999 -9999 -9999 -9999 -9999 -9999 -9999 -9999 -9999 -9999 -9999 -9999 -9999 -9999 -9999 -9999 -9999 -9999 -9999 -9999 -9999 -9999 -9999 -9999 -9999 -9999 -9999 -9999 -9999 -9999 -9999 -9999 -9999 -9999 -9999 -9999 -9999 -9999 -9999 0.150512 0.143121 0.11335 0.109599 0.127368 0.131069 0.137128 0.14348 0.130118 0.109595 0.141678 0.157407 0.157354 0.143165 0.112968 0.133499 0.161362 0.171371 0.166506 0.147075 0.118663 0.130314 0.178661 0.227619 0.27251 0.313747 -9999 -9999 -9999 -9999 -9999 -9999 -9999 -9999 -9999 -9999 -9999
-9999 -9999 -9999 -9999 -9999 -9999 -9999 -9999 -9999 -9999 -9999 -9999 -9999 -9999 -9999 -9999 -9999 -9999 -9999 -9999 -9999 -9999 -9999 -9999 -9999 -9999 -9999 -9999 -9999 -9999 -9999 -9999 -9999 -9999 -9999 -9999 -9999 -9999 -9999 -9999 0.152057 0.137242 0.0994851 0.128606 0.138523 0.124704 0.0951632 0.115416 0.1067 0.119881 0.139323 0.133879 0.125857 0.14369 0.158543 0.162697 0.154015 0.138045 0.152393 0.17805 0.190013 0.185849 0.165768 0.134194 0.147862 0.199461 0.249767 0.29637 -9999 -9999 -9999 -9999 -9999 -9999 -9999 -9999 -9999 -9999 -9999 -9999
-9999 -9999 -9999 -9999 -9999 -9999 -9999 -9999 -9999 -9999 -9999 -9999 -9999 -9999 -9999 -9999 -9999 -9999 -9999 -9999 -9999 -9999 -9999 -9999 -9999 -9999 -9999 -9999 -9999 -9999 -9999 -9999 -9999 -9999 -9999 -9999 0.156777 0.155839 0.134313 0.106227 0.13242 0.128609 0.115866 0.12954 0.143206 0.139091 0.126762 0.128133 0.127978 0.133831 0.142374 0.142138 0.140978 0.14436 0.153508 0.165797 0.172871 0.177146 0.189161 0.205562 0.215416 0.213871 0.202567 0.192083 0.204174 0.239639 0.283438 0.326227 -9999 -9999 -9999 -9999 -9999 -9999 -9999 -9999 -9999 -9999 -9999 -9999
-9999 -9999 -9999 -9999 -9999 -9999 -9999 -9999 -9999 -9999 -9999 -9999 -9999 -9999 -9999 -9999 -9999 -9999 -9999 -9999 -9999 -9999 -9999 -9999 -9999 -9999 -9999 -9999 -9999 -9999 -9999 -9999 0.174043 0.16519 0.145005 0.103704 0.126246 0.140631 0.135776 0.129257 0.136306 0.126604 0.0989019 0.129803 0.148389 0.149408 0.140737 0.136812 0.140937 0.143415 0.138029 0.13284 0.135085 0.127407 0.134498 0.165565 0.189598 0.206822 0.222375 0.236797 0.246394 0.24927 0.247377 0.248465 0.26167 0.289265 0.32507 -9999 -9999 -9999 -9999 -9999 -9999 -9999 -9999 -9999 -9999 -9999 -9999 -9999
-9999 -9999 -9999 -9999 -9999 -9999 -9999 -9999 -9999 -9999 -9999 -9999 -9999 -9999 -9999 -9999 -9999 -9999 -9999 -9999 -9999 -9999 -9999 -9999 -9999 -9999 -9999 -9999 -9999 -9999 -9999 0.146117 0.12669 0.142329 0.136608 0.1168 0.116702 0.131549 0.142012 0.148221 0.148327 0.136054 0.122564 0.136407 0.151611 0.15098 0.133113 0.119779 0.138019 0.143199 0.125913 0.105113 0.129108 0.121054 0.129826 0.173941 0.207411 0.232275 0.251996 0.267947 0.279773 0.287433 0.29297 0.300661 0.315114 0.338528 0.368693 -9999 -9999 -9999 -9999 -9999 -9999 -9999 -9999 -9999 -9999 -9999 -9999 -9999
-9999 -9999 -9999 -9999 -9999 -9999 -9999 -9999 -9999 -9999 -9999 -9999 -9999 -9999 -9999 -9999 -9999 -9999 -9999 -9999 -9999 -9999 -9999 -9999 -9999 -9999 -9999 -9999 -9999 -9999 0.16243 0.132379 0.121247 0.138631 0.13754 0.117152 0.0981516 0.113306 0.137184 0.155334 0.156682 0.14259 0.127018 0.136779 0.152291 0.151826 0.13208 0.115416 0.137881 0.145009 0.135872 0.130703 0.14421 0.152568 0.167836 0.198115 0.229744 0.257028 0.279656 0.298321 0.313257 0.325449 0.336589 0.348946 0.365958 0.387141 -9999 -9999 -9999 -9999 -9999 -9999 -9999 -9999 -9999 -9999 -9999 -9999 -9999 -9999
-9999 -9999 -9999 -9999 -9999 -9999 -9999 -9999 -9999 -9999 -9999 -9999 -9999 -9999 -9999 -9999 -9999 -9999 -9999 -9999 -9999 -9999 -9999 -9999 -9999 -9999 -9999 -9999 -9999 0.159504 0.139214 0.139034 0.141496 0.143253 0.136958 0.126991 0.118386 0.107912 0.139804 0.162556 0.164009 0.144705 0.104429 0.130689 0.152585 0.154551 0.144289 0.13849 0.143509 0.144579 0.142745 0.149123 0.163138 0.179065 0.198812 0.224913 0.25373 0.28122 0.305758 0.327081 0.345401 0.361778 0.376731 0.392862 0.41048 0.431905 -9999 -9999 -9999 -9999 -9999 -9999 -9999 -9999 -9999 -9999 -9999 -9999 -9999 -9999
-9999 -9999 -9999 -9999 -9999 -9999 -9999 -9999 -9999 -9999 -9999 -9999 -9999 -9999 -9999 -9999 -9999 -9999 -9999 -9999 -9999 -9999 -9999 -9999 -9999 -9999 -9999 -9999 -9999 0.128463 0.112081 0.138112 0.146992 0.140676 0.121295 0.125217 0.138142 0.146787 0.162873 0.176666 0.176482 0.16154 0.143498 0.147036 0.15596 0.152783 0.139528 0.134783 0.1393 0.131464 0.125931 0.147267 0.170526 0.193712 0.218702 0.246119 0.274989 0.303353 0.329949 0.353651 0.375695 0.395432 0.413674 0.431609 0.451407 -9999 -9999 -9999 -9999 -9999 -9999 -9999 -9999 -9999 -9999 -9999 -9999 -9999 -9999 -9999
-9999 -9999 -9999 -9999 -9999 -9999 -9999 -9999 -9999 -9999 -9999 -9999 -9999 -9999 -9999 -9999 -9999 -9999 -9999 -9999 -9999 -9999 -9999 -9999 -9999 -9999 -9999 -9999 0.160779 0.134354 0.125435 0.136728 0.145898 0.138904 0.114223 0.126313 0.152189 0.170172 0.184264 0.192627 0.191187 0.180431 0.167433 0.160071 0.156236 0.146614 0.120678 0.113356 0.133672 0.123366 0.10877 0.138417 0.166727 0.19731 0.228726 0.260175 0.291651 0.322182 0.351317 0.378175 0.402797 0.425539 0.44713 0.467667 0.488405 -9999 -9999 -9999 -9999 -9999 -9999 -9999 -9999 -9999 -9999 -9999 -9999 -9999 -9999 -9999
-9999 -9999 -9999 -9999 -9999 -9999 -9999 -9999 -9999 -9999 -9999 -9999 -9999 -9999 -9999 -9999 -9999 -9999 -9999 -9999 -9999 -9999 -9999 -9999 -9999 -9999 -9999 -9999 0.140457 0.133622 0.121244 0.123667 0.142092 0.142121 0.132126 0.138774 0.161868 0.183661 0.198491 0.204864 0.201968 0.190546 0.173681 0.155877 0.145083 0.141377 0.130995 0.130027 0.141191 0.1378 0.126529 0.12482 0.153824 0.193705 0.232165 0.268835 0.303747 0.337422 0.36957 0.399236 0.426831 0.452273 0.475918 0.498706 -9999 -9999 -9999 -9999 -9999 -9999 -9999 -9999 -9999 -9999 -9999 -9999 -9999 -9999 -9999 -9999
-9999 -9999 -9999 -9999 -9999 -9999 -9999 -9999 -9999 -9999 -9999 -9999 -9999 -9999 -9999 -9999 -9999 -9999 -9999 -9999 -9999 -9999 -9999 -9999 -9999 -9999 -9999 -9999 0.11173 0.131021 0.120747 0.121522 0.144025 0.142689 0.122349 0.130665 0.165268 0.191486 0.206859 0.211818 0.206879 0.192522 0.16932 0.137495 0.114889 0.132785 0.139086 0.14332 0.150174 0.148519 0.132391 0.10309 0.144487 0.189912 0.232695 0.273626 0.31256 0.349529 0.384881 0.41742 0.447519 0.475541 0.501175 0.524989 -9999 -9999 -9999 -9999 -9999 -9999 -9999 -9999 -9999 -9999 -9999 -9999 -9999 -9999 -9999 -9999
-9999 -9999 -9999 -9999 -9999 -9999 -9999 -9999 -9999 -9999 -9999 -9999 -9999 -9999 -9999 -9999 -9999 -9999 -9999 -9999 -9999 -9999 -9999 -9999 -9999 -9999 -9999 0.149447 0.135581 0.144898 0.147386 0.150939 0.157676 0.151676 0.128975 0.137934 0.173732 0.198653 0.211528 0.213718 0.206408 0.189859 0.163814 0.130839 0.11262 0.127566 0.129669 0.13444 0.149881 0.154183 0.144199 0.13431 0.151063 0.188623 0.232256 0.276264 0.318739 0.359062 0.397629 0.432945 0.465432 0.495078 0.522294 -9999 -9999 -9999 -9999 -9999 -9999 -9999 -9999 -9999 -9999 -9999 -9999 -9999 -9999 -9999 -9999 -9999
-9999 -9999 -9999 -9999 -9999 -9999 -9999 -9999 -9999 -9999 -9999 -9999 -9999 -9999 -9999 -9999 -9999 -9999 -9999 -9999 -9999 -9999 -9999 -9999 -9999 -9999 -9999 0.160791 0.15458 0.159438 0.164218 0.168535 0.172519 0.171299 0.166816 0.173761 0.192038 0.207155 0.213429 0.21073 0.20088 0.184172 0.158566 0.125012 0.115361 0.127264 0.11484 0.115644 0.146751 0.155828 0.147404 0.132679 0.143423 0.183921 0.231069 0.278233 0.323657 0.366503 0.408356 0.446033 0.480572 0.51177 0.540365 -9999 -9999 -9999 -9999 -9999 -9999 -9999 -9999 -9999 -9999 -9999 -9999 -9999 -9999 -9999 -9999 -9999
-9999 -9999 -9999 -9999 -9999 -9999 -9999 -9999 -9999 -9999 -9999 -9999 -9999 -9999 -9999 -9999 -9999 -9999 -9999 -9999 -9999 -9999 -9999 -9999 -9999 -9999 -9999 0.148445 0.152185 0.160723 0.165106 0.170271 0.179041 0.187207 0.193358 0.200969 0.209729 0.21444 0.21148 0.201545 0.188696 0.175223 0.156443 0.126973 0.119718 0.134781 0.132756 0.135496 0.149939 0.155365 0.144761 0.115543 0.126989 0.180213 0.231215 0.280462 0.327631 0.373494 0.415079 0.456589 0.492707 0.526094 -9999 -9999 -9999 -9999 -9999 -9999 -9999 -9999 -9999 -9999 -9999 -9999 -9999 -9999 -9999 -9999 -9999 -9999
-9999 -9999 -9999 -9999 -9999 -9999 -9999 -9999 -9999 -9999 -9999 -9999 -9999 -9999 -9999 -9999 -9999 -9999 -9999 -9999 -9999 -9999 -9999 -9999 -9999 -9999 -9999 0.110924 0.139424 0.151797 0.149642 0.154114 0.174499 0.194696 0.209025 0.218109 0.222159 0.218651 0.205838 0.185273 0.166039 0.160204 0.158108 0.150338 0.145923 0.145272 0.141538 0.142134 0.147473 0.150657 0.145014 0.133919 0.145479 0.185851 0.234719 0.284547 0.332799 0.379306 0.422269 0.464997 0.503771 -9999 -9999 -9999 -9999 -9999 -9999 -9999 -9999 -9999 -9999 -9999 -9999 -9999 -9999 -9999 -9999 -9999 -9999 -9999
-9999 -9999 -9999 -9999 -9999 -9999 -9999 -9999 -9999 -9999 -9999 -9999 -9999 -9999 -9999 -9999 -9999 -9999 -9999 -9999 -9999 -9999 -9999 -9999 -9999 -9999 0.150849 0.127313 0.140222 0.144924 0.125762 0.12393 0.167617 0.198838 0.218597 0.228932 0.230406 0.22173 0.200956 0.167441 0.128821 0.138603 0.157241 0.161767 0.15725 0.144829 0.127081 0.126541 0.128795 0.13669 0.138731 0.133569 0.150952 0.191558 0.240177 0.289942 0.339031 0.384708 0.428915 0.472102 0.509145 -9999 -9999 -9999 -9999 -9999 -9999 -9999 -9999 -9999 -9999 -9999 -9999 -9999 -9999 -9999 -9999 -9999 -9999 -9999
-9999 -9999 -9999 -9999 -9999 -9999 -9999 -9999 -9999 -9999 -9999 -9999 -9999 -9999 -9999 -9999 -9999 -9999 -9999 -9999 -9999 -9999 -9999 -9999 -9999 -9999 0.155782 0.140928 0.145979 0.148922 0.138439 0.142467 0.176221 0.206154 0.22628 0.236449 0.236913 0.226408 0.203977 0.168849 0.129347 0.13924 0.15886 0.164075 0.157869 0.140597 0.107143 0.113352 0.0991585 0.12424 0.130937 0.106097 0.143517 0.195821 0.246784 0.296885 0.345902 0.391995 0.434867 0.478016 -9999 -9999 -9999 -9999 -9999 -9999 -9999 -9999 -9999 -9999 -9999 -9999 -9999 -9999 -9999 -9999 -9999 -9999 -9999 -9999
-9999 -9999 -9999 -9999 -9999 -9999 -9999 -9999 -9999 -9999 -9999 -9999 -9999 -9999 -9999 -9999 -9999 -9999 -9999 -9999 -9999 -9999 -9999 -9999 -9999 -9999 0.14132 0.124133 0.141641 0.15577 0.16286 0.173676 0.194019 0.215782 0.232575 0.241888 0.24242 0.233449 0.214881 0.189621 0.167515 0.161472 0.16252 0.158863 0.149952 0.140819 0.134228 0.134837 0.134377 0.141923 0.144331 0.138302 0.162606 0.207616 0.256156 0.30478 0.35312 0.398712 0.441627 0.48565 -9999 -9999 -9999 -9999 -9999 -9999 -9999 -9999 -9999 -9999 -9999 -9999 -9999 -9999 -9999 -9999 -9999 -9999 -9999 -9999
-9999 -9999 -9999 -9999 -9999 -9999 -9999 -9999 -9999 -9999 -9999 -9999 -9999 -9999 -9999 -9999 -9999 -9999 -9999 -9999 -9999 -9999 -9999 -9999 -9999 -9999 0.130331 0.107519 0.132321 0.156544 0.174858 0.189765 0.20534 0.221248 0.234885 0.24365 0.245689 0.239942 0.226685 0.208461 0.18983 0.173898 0.158666 0.143505 0.127614 0.129001 0.146715 0.157831 0.162882 0.165639 0.166438 0.170054 0.188714 0.22331 0.266664 0.312545 0.359524 0.405886 0.448844 -9999 -9999 -9999 -9999 -9999 -9999 -9999 -9999 -9999 -9999 -9999 -9999 -9999 -9999 -9999 -9999 -9999 -9999 -9999 -9999 -9999
-9999 -9999 -9999 -9999 -9999 -9999 -9999 -9999 -9999 -9999 -9999 -9999 -9999 -9999 -9999 -9999 -9999 -9999 -9999 -9999 -9999 -9999 -9999 -9999 -9999 0.161879 0.136468 0.113897 0.116782 0.152361 0.176781 0.192644 0.205197 0.217827 0.230405 0.24025 0.244899 0.242779 0.234042 0.219639 0.200682 0.176544 0.145333 0.119218 0.110259 0.122248 0.155583 0.173338 0.179753 0.179309 0.177238 0.181731 0.200371 0.232948 0.2746 0.319369 0.365699 0.411216 0.457152 -9999 -9999 -9999 -9999 -9999 -9999 -9999 -9999 -9999 -9999 -9999 -9999 -9999 -9999 -9999 -9999 -9999 -9999 -9999 -9999 -9999
-9999 -9999 -9999 -9999 -9999 -9999 -9999 -9999 -9999 -9999 -9999 -9999 -9999 -9999 -9999 -9999 -9999 -9999 -9999 -9999 -9999 -9999 -9999 -9999 -9999 0.14164 0.1343 0.123243 0.125104 0.15242 0.173095 0.184816 0.192458 0.20292 0.217385 0.230689 0.238886 0.240347 0.235347 0.223902 0.205863 0.179388 0.142258 0.109538 0.129493 0.148299 0.170387 0.184841 0.187862 0.180982 0.170572 0.171755 0.195453 0.234111 0.278761 0.325014 0.370884 0.416701 -9999 -9999 -9999 -9999 -9999 -9999 -9999 -9999 -9999 -9999 -9999 -9999 -9999 -9999 -9999 -9999 -9999 -9999 -9999 -9999 -9999 -9999
-9999 -9999 -9999 -9999 -9999 -9999 -9999 -9999 -9999 -9999 -9999 -9999 -9999 -9999 -9999 -9999 -9999 -9999 -9999 -9999 -9999 -9999 -9999 -9999 0.140647 0.103229 0.126931 0.13483 0.13947 0.151516 0.1645 0.168548 0.166552 0.175526 0.196726 0.216066 0.227964 0.232271 0.230374 0.22258 0.208219 0.186592 0.160993 0.145643 0.151612 0.167178 0.183579 0.193513 0.191857 0.176509 0.149608 0.139791 0.181154 0.232316 0.282505 0.330632 0.377972 0.422569 -9999 -9999 -9999 -9999 -9999 -9999 -9999 -9999 -9999 -9999 -9999 -9999 -9999 -9999 -9999 -9999 -9999 -9999 -9999 -9999 -9999 -9999
-9999 -9999 -9999 -9999 -9999 -9999 -9999 -9999 -9999 -9999 -9999 -9999 -9999 -9999 -9999 -9999 -9999 -9999 -9999 -9999 -9999 -9999 -9999 -9999 0.137057 0.114551 0.119647 0.131188 0.129597 0.136514 0.152347 0.151062 0.129678 0.139371 0.175733 0.200192 0.212973 0.217987 0.218565 0.21541 0.206521 0.19062 0.17067 0.156021 0.157569 0.173185 0.190266 0.199736 0.196915 0.179228 0.145933 0.127559 0.182424 0.238107 0.290943 0.339757 0.386186 -9999 -9999 -9999 -9999 -9999 -9999 -9999 -9999 -9999 -9999 -9999 -9999 -9999 -9999 -9999 -9999 -9999 -9999 -9999 -9999 -9999 -9999 -9999
-9999 -9999 -9999 -9999 -9999 -9999 -9999 -9999 -9999 -9999 -9999 -9999 -9999 -9999 -9999 -9999 -9999 -9999 -9999 -9999 -9999 -9999 -9999 0.148155 0.134929 0.115031 0.105592 0.126038 0.112973 0.119826 0.147673 0.148654 0.128348 0.135775 0.167326 0.187042 0.194857 0.196451 0.198738 0.201888 0.199892 0.18844 0.167073 0.141372 0.140481 0.168077 0.19193 0.204801 0.205562 0.195153 0.179878 0.180291 0.211888 0.25783 0.305896 0.352753 0.39842 -9999 -9999 -9999 -9999 -9999 -9999 -9999 -9999 -9999 -9999 -9999 -9999 -9999 -9999 -9999 -9999 -9999 -9999 -9999 -9999 -9999 -9999 -9999
-9999 -9999 -9999 -9999 -9999 -9999 -9999 -9999 -9999 -9999 -9999 -9999 -9999 -9999 -9999 -9999 -9999 -9999 -9999 -9999 -9999 -9999 0.143992 0.113117 0.129954 0.129115 0.125973 0.132947 0.135036 0.143308 0.157863 0.160555 0.15473 0.156906 0.168267 0.175606 0.173118 0.165327 0.1692 0.18325 0.190481 0.184474 0.163843 0.127575 0.124214 0.165746 0.193587 0.209313 0.215109 0.214295 0.213193 0.222047 0.246509 0.28369 0.325517 0.368834 -9999 -9999 -9999 -9999 -9999 -9999 -9999 -9999 -9999 -9999 -9999 -9999 -9999 -9999 -9999 -9999 -9999 -9999 -9999 -9999 -9999 -9999 -9999 -9999
-9999 -9999 -9999 -9999 -9999 -9999 -9999 -9999 -9999 -9999 -9999 -9999 -9999 -9999 -9999 -9999 -9999 -9999 -9999 -9999 -9999 0.16267 0.136775 0.122732 0.136676 0.136971 0.125953 0.13233 0.149567 0.162355 0.169882 0.169432 0.164028 0.161479 0.163063 0.162018 0.151409 0.125786 0.133949 0.166446 0.182143 0.182294 0.170468 0.154196 0.154836 0.175878 0.196902 0.211588 0.220823 0.227574 0.235928 0.251067 0.275171 0.307904 0.34618 0.390061 -9999 -9999 -9999 -9999 -9999 -9999 -9999 -9999 -9999 -9999 -9999 -9999 -9999 -9999 -9999 -9999 -9999 -9999 -9999 -9999 -9999 -9999 -9999 -9999
-9999 -9999 -9999 -9999 -9999 -9999 -9999 -9999 -9999 -9999 -9999 -9999 -9999 -9999 -9999 -9999 -9999 -9999 -9999 -9999 0.162474 0.135596 0.138863 0.146573 0.151428 0.142637 0.11235 0.126015 0.156138 0.171034 0.174379 0.167749 0.154575 0.146109 0.145851 0.143268 0.139269 0.12665 0.1358 0.162554 0.176236 0.178378 0.174751 0.170892 0.173315 0.183541 0.19624 0.207593 0.218225 0.230809 0.247419 0.269144 0.295887 0.329128 0.366867 -9999 -9999 -9999 -9999 -9999 -9999 -9999 -9999 -9999 -9999 -9999 -9999 -9999 -9999 -9999 -9999 -9999 -9999 -9999 -9999 -9999 -9999 -9999 -9999 -9999
-9999 -9999 -9999 -9999 -9999 -9999 -9999 -9999 -9999 -9999 -9999 -9999 -9999 -9999 -9999 -9999 -9999 -9999 -9999 0.180244 0.136798 0.102229 0.139488 0.159389 0.16464 0.15682 0.143569 0.148013 0.164461 0.173516 0.171292 0.158272 0.132935 0.112853 0.123925 0.113138 0.132737 0.147041 0.15702 0.16637 0.168302 0.165595 0.166379 0.169414 0.172446 0.177953 0.18555 0.193198 0.204162 0.222493 0.247544 0.276756 0.309031 0.344112 0.384769 -9999 -9999 -9999 -9999 -9999 -9999 -9999 -9999 -9999 -9999 -9999 -9999 -9999 -9999 -9999 -9999 -9999 -9999 -9999 -9999 -9999 -9999 -9999 -9999 -9999
-9999 -9999 -9999 -9999 -9999 -9999 -9999 -9999 -9999 -9999 -9999 -9999 -9999 -9999 -9999 -9999 -9999 -9999 0.202664 0.158456 0.129794 0.131207 0.153005 0.170334 0.174145 0.16727 0.159376 0.160972 0.168625 0.170446 0.161644 0.147034 0.129852 0.11968 0.127471 0.12041 0.142295 0.16133 0.168671 0.166724 0.154044 0.137573 0.144738 0.154992 0.155045 0.157553 0.164473 0.167275 0.176607 0.203662 0.239871 0.278087 0.316256 0.358779 -9999 -9999 -9999 -9999 -9999 -9999 -9999 -9999 -9999 -9999 -9999 -9999 -9999 -9999 -9999 -9999 -9999 -9999 -9999 -9999 -9999 -9999 -9999 -9999 -9999 -9999
-9999 -9999 -9999 -9999 -9999 -9999 -9999 -9999 -9999 -9999 -9999 -9999 -9999 -9999 -9999 -9999 -9999 -9999 0.186855 0.139513 0.107805 0.14325 0.167675 0.180279 0.178717 0.165314 0.151558 0.154433 0.164567 0.163502 0.145518 0.126526 0.13537 0.145798 0.153027 0.157174 0.165889 0.173478 0.172923 0.163428 0.143089 0.10618 0.129277 0.141912 0.12729 0.126452 0.142725 0.13541 0.135945 0.183256 0.232736 0.278638 0.323875 0.367892 -9999 -9999 -9999 -9999 -9999 -9999 -9999 -9999 -9999 -9999 -9999 -9999 -9999 -9999 -9999 -9999 -9999 -9999 -9999 -9999 -9999 -9999 -9999 -9999 -9999 -9999
-9999 -9999 -9999 -9999 -9999 -9999 -9999 -9999 -9999 -9999 -9999 -9999 -9999 -9999 -9999 -9999 -9999 0.210558 0.181972 0.152797 0.14171 0.162545 0.182358 0.189945 0.182134 0.157639 0.121371 0.136235 0.159883 0.161646 0.140132 0.11014 0.142021 0.163257 0.174415 0.179978 0.182432 0.179805 0.169682 0.155455 0.144026 0.137675 0.144749 0.146877 0.128497 0.125767 0.140503 0.131316 0.1305 0.181903 0.234789 0.284991 0.332845 -9999 -9999 -9999 -9999 -9999 -9999 -9999 -9999 -9999 -9999 -9999 -9999 -9999 -9999 -9999 -9999 -9999 -9999 -9999 -9999 -9999 -9999 -9999 -9999 -9999 -9999 -9999
-9999 -9999 -9999 -9999 -9999 -9999 -9999 -9999 -9999 -9999 -9999 -9999 -9999 -9999 -9999 -9999 -9999 0.191185 0.179093 0.171441 0.173134 0.185375 0.197787 0.201219 0.191301 0.166871 0.136392 0.146339 0.167422 0.171459 0.160813 0.152258 0.162305 0.176744 0.18648 0.190702 0.189133 0.179515 0.159039 0.13354 0.136611 0.152856 0.163568 0.165137 0.158025 0.154382 0.156215 0.156337 0.16725 0.201155 0.246425 0.294755 0.342551 -9999 -9999 -9999 -9999 -9999 -9999 -9999 -9999 -9999 -9999 -9999 -9999 -9999 -9999 -9999 -9999 -9999 -9999 -9999 -9999 -9999 -9999 -9999 -9999 -9999 -9999 -9999
-9999 -9999 -9999 -9999 -9999 -9999 -9999 -9999 -9999 -9999 -9999 -9999 -9999 -9999 -9999 -9999 -9999 0.162451 0.167299 0.175762 0.187106 0.20007 0.210217 0.212955 0.206107 0.191528 0.178309 0.178741 0.185696 0.1863 0.179621 0.173647 0.175075 0.181518 0.187696 0.190506 0.187642 0.176652 0.15358 0.115934 0.133476 0.163193 0.178249 0.18164 0.176935 0.169987 0.166076 0.170259 0.187587 0.219326 0.261586 0.307083 -9999 -9999 -9999 -9999 -9999 -9999 -9999 -9999 -9999 -9999 -9999 -9999 -9999 -9999 -9999 -9999 -9999 -9999 -9999 -9999 -9999 -9999 -9999 -9999 -9999 -9999 -9999 -9999
-9999 -9999 -9999 -9999 -9999 -9999 -9999 -9999 -9999 -9999 -9999 -9999 -9999 -9999 -9999 -9999 0.125902 0.12547 0.14624 0.16645 0.187561 0.205134 0.216862 0.22155 0.219512 0.212921 0.206506 0.203971 0.202707 0.197336 0.186632 0.175248 0.169976 0.171915 0.176176 0.179206 0.178195 0.17243 0.161731 0.151679 0.159873 0.178054 0.189799 0.191584 0.184119 0.169967 0.157263 0.163824 0.192164 0.230464 0.273553 0.320405 -9999 -9999 -9999 -9999 -9999 -9999 -9999 -9999 -9999 -9999 -9999 -9999 -9999 -9999 -9999 -9999 -9999 -9999 -9999 -9999 -9999 -9999 -9999 -9999 -9999 -9999 -9999 -9999
-9999 -9999 -9999 -9999 -9999 -9999 -9999 -9999 -9999 -9999 -9999 -9999 -9999 -9999 0.160358 0.14064 0.119123 0.114173 0.118346 0.148805 0.180415 0.202668 0.216665 0.224067 0.226062 0.22443 0.221472 0.218159 0.212828 0.201972 0.183283 0.159614 0.145635 0.147611 0.151562 0.157432 0.158792 0.160157 0.16535 0.171271 0.180093 0.190376 0.196674 0.195451 0.184711 0.162078 0.128978 0.141326 0.190928 0.239114 0.285652 -9999 -9999 -9999 -9999 -9999 -9999 -9999 -9999 -9999 -9999 -9999 -9999 -9999 -9999 -9999 -9999 -9999 -9999 -9999 -9999 -9999 -9999 -9999 -9999 -9999 -9999 -9999 -9999 -9999
-9999 -9999 -9999 -9999 -9999 -9999 -9999 -9999 -9999 -9999 -9999 -9999 0.208862 0.159801 0.115636 0.122301 0.124026 0.117578 0.106121 0.140055 0.173139 0.195301 0.209338 0.218232 0.22321 0.224791 0.224258 0.221987 0.21611 0.203123 0.178849 0.140064 0.10661 0.120569 0.115402 0.132598 0.129589 0.134488 0.158759 0.17593 0.186714 0.19334 0.195984 0.193979 0.185034 0.165658 0.138317 0.15262 0.203214 0.253294 0.30068 -9999 -9999 -9999 -9999 -9999 -9999 -9999 -9999 -9999 -9999 -9999 -9999 -9999 -9999 -9999 -9999 -9999 -9999 -9999 -9999 -9999 -9999 -9999 -9999 -9999 -9999 -9999 -9999 -9999
-9999 -9999 -9999 -9999 -9999 -9999 -9999 -9999 -9999 -9999 -9999 0.229862 0.189417 0.147814 0.111697 0.106019 0.111179 0.113231 0.116496 0.141793 0.166901 0.182922 0.193711 0.203339 0.210727 0.214405 0.21572 0.216213 0.213916 0.20474 0.184723 0.154208 0.131786 0.126031 0.115547 0.126501 0.115579 0.120038 0.152718 0.172084 0.18191 0.185142 0.185002 0.185513 0.185696 0.181917 0.179632 0.195322 0.231301 0.274583 0.319283 -9999 -9999 -9999 -9999 -9999 -9999 -9999 -9999 -9999 -9999 -9999 -9999 -9999 -9999 -9999 -9999 -9999 -9999 -9999 -9999 -9999 -9999 -9999 -9999 -9999 -9999 -9999 -9999 -9999
-9999 -9999 -9999 -9999 -9999 -9999 -9999 -9999 -9999 -9999 0.243995 0.205834 0.172171 0.146381 0.124689 0.0996155 0.0913623 0.104411 0.106174 0.140404 0.1584 0.16342 0.167531 0.179985 0.190833 0.194511 0.196048 0.201233 0.207066 0.206895 0.197683 0.181703 0.166772 0.155076 0.143982 0.134771 0.127827 0.134919 0.150491 0.161812 0.168104 0.166913 0.161148 0.166791 0.182864 0.197592 0.21139 0.232083 0.262253 0.299775 0.339414 -9999 -9999 -9999 -9999 -9999 -9999 -9999 -9999 -9999 -9999 -9999 -9999 -9999 -9999 -9999 -9999 -9999 -9999 -9999 -9999 -9999 -9999 -9999 -9999 -9999 -9999 -9999 -9999 -9999
-9999 -9999 -9999 -9999 -9999 -9999 -9999 -9999 -9999 -9999 0.21693 0.178701 0.144651 0.132805 0.13002 0.124141 0.119393 0.118844 0.125809 0.141844 0.14909 0.138339 0.128309 0.154545 0.169917 0.168352 0.164359 0.17739 0.196618 0.208293 0.20978 0.203243 0.192497 0.17878 0.159993 0.132945 0.114652 0.133976 0.141304 0.141148 0.148785 0.146769 0.124956 0.140596 0.180343 0.210931 0.235929 0.261317 0.289999 0.32417 -9999 -9999 -9999 -9999 -9999 -9999 -9999 -9999 -9999 -9999 -9999 -9999 -9999 -9999 -9999 -9999 -9999 -9999 -9999 -9999 -9999 -9999 -9999 -9999 -9999 -9999 -9999 -9999 -9999 -9999
-9999 -9999 -9999 -9999 -9999 -9999 -9999 -9999 -9999 0.224937 0.191926 0.155909 0.1087 0.108949 0.119691 0.125051 0.124319 0.111891 0.12143 0.136427 0.14235 0.131725 0.118943 0.14752 0.158998 0.145647 0.118592 0.153155 0.188668 0.209969 0.218782 0.217756 0.210006 0.196135 0.174801 0.144098 0.123496 0.138345 0.132834 0.104211 0.136094 0.145371 0.131756 0.149356 0.1914 0.226733 0.256198 0.283776 0.312426 0.34294 -9999 -9999 -9999 -9999 -9999 -9999 -9999 -9999 -9999 -9999 -9999 -9999 -9999 -9999 -9999 -9999 -9999 -9999 -9999 -9999 -9999 -9999 -9999 -9999 -9999 -9999 -9999 -9999 -9999 -9999
-9999 -9999 -9999 -9999 -9999 -9999 -9999 -9999 0.22747 0.193937 0.168078 0.147742 0.124297 0.0999321 0.102078 0.106214 0.120416 0.108772 0.114023 0.11908 0.136609 0.147118 0.151914 0.161346 0.163237 0.149182 0.13191 0.157806 0.191268 0.2139 0.224872 0.226621 0.220703 0.208799 0.192013 0.173497 0.162627 0.160733 0.151547 0.13993 0.154875 0.168211 0.173668 0.188644 0.2166 0.246631 0.275072 0.302845 0.329216 0.356537 -9999 -9999 -9999 -9999 -9999 -9999 -9999 -9999 -9999 -9999 -9999 -9999 -9999 -9999 -9999 -9999 -9999 -9999 -9999 -9999 -9999 -9999 -9999 -9999 -9999 -9999 -9999 -9999 -9999 -9999
-9999 -9999 -9999 -9999 -9999 -9999 -9999 0.232761 0.19634 0.158346 0.137155 0.142177 0.139864 0.127758 0.115937 0.110589 0.119847 0.121649 0.118659 0.104212 0.138206 0.160989 0.171176 0.174932 0.172875 0.166588 0.165433 0.179634 0.201223 0.21877 0.228038 0.229493 0.224315 0.214702 0.203446 0.193957 0.188955 0.186933 0.18376 0.182674 0.189799 0.199843 0.209625 0.223645 0.243867 0.267005 0.291409 0.316219 0.340338 0.365644 0.39499 -9999 -9999 -9999 -9999 -9999 -9999 -9999 -9999 -9999 -9999 -9999 -9999 -9999 -9999 -9999 -9999 -9999 -9999 -9999 -9999 -9999 -9999 -9999 -9999 -9999 -9999 -9999 -9999 -9999
-9999 -9999 -9999 -9999 -9999 -9999 -9999 0.20268 0.172063 0.134783 0.109872 0.140374 0.150412 0.14565 0.130447 0.106512 0.107907 0.109815 0.124351 0.136416 0.155889 0.173589 0.1812 0.179806 0.174099 0.171746 0.178138 0.19205 0.208059 0.220611 0.226676 0.226071 0.219594 0.210266 0.202484 0.199865 0.202428 0.206884 0.210522 0.214638 0.220673 0.228548 0.237595 0.249137 0.264157 0.281718 0.301299 0.322257 0.343677 0.369513 0.393912 -9999 -9999 -9999 -9999 -9999 -9999 -9999 -9999 -9999 -9999 -9999 -9999 -9999 -9999 -9999 -9999 -9999 -9999 -9999 -9999 -9999 -9999 -9999 -9999 -9999 -9999 -9999 -9999 -9999
-9999 -9999 -9999 -9999 -9999 -9999 0.201069 0.171009 0.156221 0.144066 0.138886 0.148283 0.155264 0.152368 0.136586 0.111989 0.105875 0.0998667 0.12243 0.148381 0.169395 0.182567 0.184631 0.175049 0.159674 0.15695 0.173187 0.192467 0.207316 0.216024 0.218986 0.215705 0.206387 0.193663 0.185761 0.190658 0.20409 0.217991 0.228509 0.236451 0.242717 0.249207 0.256157 0.264607 0.275307 0.28871 0.30331 0.32207 0.34198 0.362802 0.385668 -9999 -9999 -9999 -9999 -9999 -9999 -9999 -9999 -9999 -9999 -9999 -9999 -9999 -9999 -9999 -9999 -9999 -9999 -9999 -9999 -9999 -9999 -9999 -9999 -9999 -9999 -9999 -9999 -9999
-9999 -9999 -9999 -9999 -9999 0.213254 0.166656 0.129205 0.140241 0.149968 0.149377 0.147031 0.14982 0.150897 0.137544 0.110629 0.107189 0.10296 0.114685 0.152435 0.175907 0.187105 0.185094 0.16772 0.13422 0.124462 0.161338 0.186316 0.1996 0.204532 0.204251 0.199607 0.187883 0.16746 0.151876 0.169216 0.19876 0.22273 0.239577 0.250127 0.256568 0.260655 0.265043 0.270005 0.277125 0.285891 0.297865 0.311588 0.329197 0.34978 0.37211 -9999 -9999 -9999 -9999 -9999 -9999 -9999 -9999 -9999 -9999 -9999 -9999 -9999 -9999 -9999 -9999 -9999 -9999 -9999 -9999 -9999 -9999 -9999 -9999 -9999 -9999 -9999 -9999 -9999
-9999 -9999 -9999 -9999 0.233947 0.194646 0.154071 0.119023 0.139417 0.152933 0.146772 0.126461 0.131295 0.145754 0.138146 0.110982 0.103388 0.116074 0.132883 0.158744 0.17841 0.188346 0.186511 0.17065 0.142934 0.13556 0.161299 0.180485 0.18761 0.185665 0.181779 0.180021 0.17229 0.148415 0.102666 0.154525 0.197931 0.227998 0.24761 0.258598 0.262847 0.263722 0.263896 0.265705 0.269642 0.274602 0.282364 0.29319 0.307679 0.326925 0.349758 0.377002 -9999 -9999 -9999 -9999 -9999 -9999 -9999 -9999 -9999 -9999 -9999 -9999 -9999 -9999 -9999 -9999 -9999 -9999 -9999 -9999 -9999 -9999 -9999 -9999 -9999 -9999 -9999 -9999
-9999 -9999 -9999 0.252218 0.210851 0.18137 0.161505 0.152063 0.156615 0.159663 0.148556 0.121641 0.127937 0.146699 0.143356 0.122678 0.0984597 0.122204 0.14284 0.160296 0.174603 0.185136 0.188015 0.180626 0.167474 0.161685 0.167706 0.174746 0.173222 0.16011 0.148841 0.159176 0.167399 0.160749 0.153662 0.177022 0.211371 0.238136 0.255452 0.263474 0.264102 0.260084 0.254847 0.250869 0.250226 0.252053 0.25656 0.263388 0.276127 0.296302 0.321717 0.350083 -9999 -9999 -9999 -9999 -9999 -9999 -9999 -9999 -9999 -9999 -9999 -9999 -9999 -9999 -9999 -9999 -9999 -9999 -9999 -9999 -9999 -9999 -9999 -9999 -9999 -9999 -9999 -9999
-9999 -9999 -9999 0.227138 0.181356 0.15997 0.16098 0.165343 0.167434 0.164879 0.156906 0.148042 0.149281 0.153716 0.146448 0.128925 0.11289 0.116765 0.138291 0.149314 0.159266 0.175208 0.186375 0.18668 0.17852 0.168506 0.16345 0.164455 0.160936 0.140049 0.101668 0.147969 0.174445 0.185963 0.194663 0.21175 0.233717 0.25294 0.2643 0.266528 0.260854 0.249001 0.235323 0.224866 0.221346 0.222207 0.222684 0.224743 0.235923 0.2593 0.290035 -9999 -9999 -9999 -9999 -9999 -9999 -9999 -9999 -9999 -9999 -9999 -9999 -9999 -9999 -9999 -9999 -9999 -9999 -9999 -9999 -9999 -9999 -9999 -9999 -9999 -9999 -9999 -9999 -9999
-9999 -9999 0.275184 0.211497 0.148539 0.126347 0.154751 0.168195 0.16759 0.159295 0.153603 0.154278 0.157459 0.156525 0.142479 0.116776 0.107086 0.11053 0.132055 0.127996 0.129291 0.16173 0.182684 0.187742 0.178887 0.15946 0.141123 0.14709 0.15555 0.149566 0.144181 0.166443 0.192991 0.212141 0.227315 0.242838 0.257969 0.269833 0.274464 0.270238 0.256595 0.234809 0.209213 0.189266 0.185851 0.189772 0.186803 0.179023 0.188081 0.220492 -9999 -9999 -9999 -9999 -9999 -9999 -9999 -9999 -9999 -9999 -9999 -9999 -9999 -9999 -9999 -9999 -9999 -9999 -9999 -9999 -9999 -9999 -9999 -9999 -9999 -9999 -9999 -9999 -9999 -9999
-9999 -9999 0.280289 0.220233 0.163182 0.143561 0.164086 0.172682 0.162738 0.139089 0.130541 0.141615 0.150779 0.154273 0.141683 0.111404 0.116882 0.128964 0.136492 0.126622 0.125426 0.160121 0.182218 0.188062 0.177917 0.15096 0.105158 0.1333 0.156091 0.165742 0.175156 0.193444 0.216243 0.237024 0.254503 0.268839 0.28048 0.28714 0.286431 0.276367 0.255942 0.224892 0.18435 0.144374 0.148694 0.165567 0.161341 0.134407 0.139575 0.191616 -9999 -9999 -9999 -9999 -9999 -9999 -9999 -9999 -9999 -9999 -9999 -9999 -9999 -9999 -9999 -9999 -9999 -9999 -9999 -9999 -9999 -9999 -9999 -9999 -9999 -9999 -9999 -9999 -9999 -9999
-9999 -9999 0.300809 0.251998 0.212005 0.193302 0.191812 0.187059 0.167154 0.128541 0.111386 0.119951 0.133453 0.15155 0.151111 0.137835 0.12837 0.131159 0.142539 0.147558 0.154388 0.170727 0.18487 0.189352 0.181642 0.16216 0.142007 0.145192 0.158231 0.172398 0.190497 0.212766 0.236583 0.258706 0.277398 0.291736 0.301197 0.304639 0.300479 0.287345 0.263832 0.229214 0.183329 0.130116 0.141606 0.165327 0.164624 0.1446 0.149552 0.191277 -9999 -9999 -9999 -9999 -9999 -9999 -9999 -9999 -9999 -9999 -9999 -9999 -9999 -9999 -9999 -9999 -9999 -9999 -9999 -9999 -9999 -9999 -9999 -9999 -9999 -9999 -9999 -9999 -9999 -9999
-9999 -9999 0.32969 0.290103 0.258307 0.237997 0.225634 0.211864 0.189874 0.161433 0.139549 0.116835 0.129402 0.156298 0.161733 0.149603 0.12242 0.113253 0.142498 0.156713 0.165736 0.175066 0.18326 0.187629 0.185313 0.17546 0.162375 0.152163 0.149223 0.16496 0.193687 0.223881 0.25192 0.276547 0.296693 0.311764 0.320977 0.323192 0.317767 0.304392 0.281929 0.251659 0.216121 0.187024 0.184136 0.19348 0.194652 0.189792 0.1948 0.214618 0.23616 -9999 -9999 -9999 -9999 -9999 -9999 -9999 -9999 -9999 -9999 -9999 -9999 -9999 -9999 -9999 -9999 -9999 -9999 -9999 -9999 -9999 -9999 -9999 -9999 -9999 -9999 -9999 -9999 -9999
-9999 -9999 0.360571 0.326755 0.298635 0.277146 0.259769 0.242086 0.221181 0.198353 0.177543 0.162128 0.163016 0.172963 0.17405 0.162093 0.140071 0.131791 0.144469 0.152806 0.159905 0.165656 0.170421 0.177625 0.182843 0.180326 0.168771 0.147385 0.118483 0.147864 0.192996 0.231539 0.264034 0.291089 0.313363 0.329668 0.339596 0.342071 0.338068 0.326353 0.308584 0.284955 0.261305 -9999 -9999 -9999 -9999 0.235301 0.237824 0.245265 0.25261 -9999 -9999 -9999 -9999 -9999 -9999 -9999 -9999 -9999 -9999 -9999 -9999 -9999 -9999 -9999 -9999 -9999 -9999 -9999 -9999 -9999 -9999 -9999 -9999 -9999 -9999 -9999 -9999 -9999
-9999 -9999 0.390011 0.358452 0.332307 0.310368 0.291165 0.272172 0.252334 0.232325 0.214215 0.200647 0.194121 0.191198 0.185284 0.17429 0.161205 0.15151 0.142663 0.133347 0.140828 0.144623 0.142389 0.157848 0.174303 0.178704 0.171253 0.15282 0.131932 0.157056 0.201246 0.241291 0.275577 0.304386 0.328288 0.345769 0.35758 0.362873 0.360363 0.352871 -9999 -9999 -9999 -9999 -9999 -9999 -9999 -9999 -9999 -9999 -9999 -9999 -9999 -9999 -9999 -9999 -9999 -9999 -9999 -9999 -9999 -9999 -9999 -9999 -9999 -9999 -9999 -9999 -9999 -9999 -9999 -9999 -9999 -9999 -9999 -9999 -9999 -9999 -9999 -9999
-9999 0.458523 0.419619 0.386085 0.360544 0.338222 0.317781 0.29852 0.279177 0.260392 0.243018 0.227917 0.215 0.202407 0.188632 0.175727 0.166556 0.157549 0.138766 0.0997799 0.125553 0.128244 0.0967884 0.140927 0.165746 0.173222 0.170921 0.165758 0.166429 0.185167 0.217976 0.253647 0.286997 0.316617 0.340753 0.361228 0.374932 0.382906 0.387437 -9999 -9999 -9999 -9999 -9999 -9999 -9999 -9999 -9999 -9999 -9999 -9999 -9999 -9999 -9999 -9999 -9999 -9999 -9999 -9999 -9999 -9999 -9999 -9999 -9999 -9999 -9999 -9999 -9999 -9999 -9999 -9999 -9999 -9999 -9999 -9999 -9999 -9999 -9999 -9999 -9999
-9999 0.475957 0.442351 0.410342 0.383036 0.360066 0.338606 0.318431 0.299056 0.280514 0.262747 0.245236 0.226644 0.205109 0.18059 0.160531 0.156591 0.157641 0.148452 0.134396 0.134971 0.135468 0.13333 0.148664 0.161959 0.162364 0.160156 0.166926 0.181459 0.203404 0.232336 0.264814 0.297102 0.327541 0.352729 0.375549 0.39195 0.403704 -9999 -9999 -9999 -9999 -9999 -9999 -9999 -9999 -9999 -9999 -9999 -9999 -9999 -9999 -9999 -9999 -9999 -9999 -9999 -9999 -9999 -9999 -9999 -9999 -9999 -9999 -9999 -9999 -9999 -9999 -9999 -9999 -9999 -9999 -9999 -9999 -9999 -9999 -9999 -9999 -9999 -9999
-9999 -9999 0.460535 0.428081 0.399128 0.374516 0.351781 0.3306 0.310784 0.292118 0.273949 0.254873 0.232642 0.204369 0.167509 0.126591 0.136466 0.155796 0.157519 0.147924 0.138009 0.139469 0.149909 0.159748 0.160053 0.144779 0.131202 0.154537 0.182305 0.20919 0.23893 0.271207 0.304074 0.33612 0.363337 0.388256 0.408219 -9999 -9999 -9999 -9999 -9999 -9999 -9999 -9999 -9999 -9999 -9999 -9999 -9999 -9999 -9999 -9999 -9999 -9999 -9999 -9999 -9999 -9999 -9999 -9999 -9999 -9999 -9999 -9999 -9999 -9999 -9999 -9999 -9999 -9999 -9999 -9999 -9999 -9999 -9999 -9999 -9999 -9999 -9999
-9999 -9999 0.473929 0.440454 0.40975 0.382151 0.357301 0.334422 0.313664 0.294943 0.277277 0.258763 0.23673 0.208237 0.171309 0.132531 0.14056 0.159738 0.162261 0.148302 0.119507 0.126239 0.153561 0.165924 0.162048 0.139391 0.112986 0.147322 0.17731 0.20523 0.236628 0.271264 0.307929 0.342695 0.374763 0.402006 -9999 -9999 -9999 -9999 -9999 -9999 -9999 -9999 -9999 -9999 -9999 -9999 -9999 -9999 -9999 -9999 -9999 -9999 -9999 -9999 -9999 -9999 -9999 -9999 -9999 -9999 -9999 -9999 -9999 -9999 -9999 -9999 -9999 -9999 -9999 -9999 -9999 -9999 -9999 -9999 -9999 -9999 -9999 -9999
-9999 -9999 0.486125 0.448678 0.414431 0.384235 0.35623 0.329934 0.307504 0.28871 0.272673 0.257348 0.239523 0.217161 0.191287 0.1703 0.16569 0.168858 0.166355 0.153279 0.131256 0.136383 0.159396 0.170812 0.169126 0.157035 0.147324 0.153444 0.167528 0.191699 0.227079 0.267328 0.308253 0.346201 0.383386 -9999 -9999 -9999 -9999 -9999 -9999 -9999 -9999 -9999 -9999 -9999 -9999 -9999 -9999 -9999 -9999 -9999 -9999 -9999 -9999 -9999 -9999 -9999 -9999 -9999 -9999 -9999 -9999 -9999 -9999 -9999 -9999 -9999 -9999 -9999 -9999 -9999 -9999 -9999 -9999 -9999 -9999 -9999 -9999 -9999
-9999 -9999 0.491786 0.457032 0.416492 0.381035 0.348105 0.318032 0.292272 0.272963 0.259818 0.249671 0.238601 0.224225 0.207234 0.191401 0.179893 0.171543 0.165173 0.160191 0.155904 0.158444 0.166243 0.171656 0.172464 0.168321 0.160718 0.151332 0.144416 0.167504 0.213911 0.262758 0.308992 0.351726 -9999 -9999 -9999 -9999 -9999 -9999 -9999 -9999 -9999 -9999 -9999 -9999 -9999 -9999 -9999 -9999 -9999 -9999 -9999 -9999 -9999 -9999 -9999 -9999 -9999 -9999 -9999 -9999 -9999 -9999 -9999 -9999 -9999 -9999 -9999 -9999 -9999 -9999 -9999 -9999 -9999 -9999 -9999 -9999 -9999 -9999
-9999 -9999 -9999 0.458849 0.414852 0.375153 0.336204 0.299063 0.268773 0.247407 0.238043 0.235151 0.232147 0.225105 0.213543 0.198564 0.180545 0.160402 0.148984 0.155603 0.163392 0.165204 0.162335 0.160732 0.164759 0.167262 0.162079 0.145765 0.111358 0.148418 0.209156 0.264406 0.314248 0.359743 -9999 -9999 -9999 -9999 -9999 -9999 -9999 -9999 -9999 -9999 -9999 -9999 -9999 -9999 -9999 -9999 -9999 -9999 -9999 -9999 -9999 -9999 -9999 -9999 -9999 -9999 -9999 -9999 -9999 -9999 -9999 -9999 -9999 -9999 -9999 -9999 -9999 -9999 -9999 -9999 -9999 -9999 -9999 -9999 -9999 -9999
-9999 -9999 -9999 0.460318 0.415503 0.366454 0.320721 0.275984 0.236596 0.211923 0.207528 0.214932 0.220904 0.219985 0.211807 0.197136 0.175109 0.142128 0.111734 0.144793 0.162344 0.161961 0.146166 0.131594 0.146328 0.157205 0.158239 0.152924 0.148088 0.173948 0.224135 0.277068 0.327391 -9999 -9999 -9999 -9999 -9999 -9999 -9999 -9999 -9999 -9999 -9999 -9999 -9999 -9999 -9999 -9999 -9999 -9999 -9999 -9999 -9999 -9999 -9999 -9999 -9999 -9999 -9999 -9999 -9999 -9999 -9999 -9999 -9999 -9999 -9999 -9999 -9999 -9999 -9999 -9999 -9999 -9999 -9999 -9999 -9999 -9999 -9999
-9999 -9999 -9999 0.46176 0.413968 0.362304 0.309375 0.2547 0.200874 0.163138 0.170716 0.19423 0.208739 0.211332 0.204237 0.191242 0.172942 0.148429 0.132923 0.150582 0.163446 0.159917 0.137854 0.108051 0.133771 0.142121 0.146756 0.16071 0.179293 0.208864 0.250808 0.298269 -9999 -9999 -9999 -9999 -9999 -9999 -9999 -9999 -9999 -9999 -9999 -9999 -9999 -9999 -9999 -9999 -9999 -9999 -9999 -9999 -9999 -9999 -9999 -9999 -9999 -9999 -9999 -9999 -9999 -9999 -9999 -9999 -9999 -9999 -9999 -9999 -9999 -9999 -9999 -9999 -9999 -9999 -9999 -9999 -9999 -9999 -9999 -9999
-9999 -9999 -9999 -9999 0.417754 0.366477 0.30807 0.24859 0.184092 0.115053 0.149107 0.183928 0.200314 0.200865 0.190835 0.178545 0.169909 0.163085 0.160084 0.163474 0.165509 0.161444 0.15131 0.142561 0.140811 0.125193 0.123229 0.165918 0.203123 0.240055 0.280899 -9999 -9999 -9999 -9999 -9999 -9999 -9999 -9999 -9999 -9999 -9999 -9999 -9999 -9999 -9999 -9999 -9999 -9999 -9999 -9999 -9999 -9999 -9999 -9999 -9999 -9999 -9999 -9999 -9999 -9999 -9999 -9999 -9999 -9999 -9999 -9999 -9999 -9999 -9999 -9999 -9999 -9999 -9999 -9999 -9999 -9999 -9999 -9999 -9999
-9999 -9999 -9999 -9999 -9999 0.377691 0.323788 0.264708 0.210038 0.172215 0.176076 0.194257 0.201346 0.193007 0.172112 0.153351 0.157007 0.167289 0.170843 0.167213 0.159046 0.155535 0.159463 0.162769 0.159327 0.144412 0.147341 0.188626 0.230668 0.271099 -9999 -9999 -9999 -9999 -9999 -9999 -9999 -9999 -9999 -9999 -9999 -9999 -9999 -9999 -9999 -9999 -9999 -9999 -9999 -9999 -9999 -9999 -9999 -9999 -9999 -9999 -9999 -9999 -9999 -9999 -9999 -9999 -9999 -9999 -9999 -9999 -9999 -9999 -9999 -9999 -9999 -9999 -9999 -9999 -9999 -9999 -9999 -9999 -9999 -9999
-9999 -9999 -9999 -9999 -9999 -9999 0.348665 0.297472 0.25536 0.227759 0.219459 0.219632 0.214187 0.195027 0.159604 0.111476 0.143299 0.169551 0.176279 0.165189 0.139899 0.133539 0.160205 0.179529 0.187505 0.189699 0.201451 0.230614 0.268035 -9999 -9999 -9999 -9999 -9999 -9999 -9999 -9999 -9999 -9999 -9999 -9999 -9999 -9999 -9999 -9999 -9999 -9999 -9999 -9999 -9999 -9999 -9999 -9999 -9999 -9999 -9999 -9999 -9999 -9999 -9999 -9999 -9999 -9999 -9999 -9999 -9999 -9999 -9999 -9999 -9999 -9999 -9999 -9999 -9999 -9999 -9999 -9999 -9999 -9999 -9999
-9999 -9999 -9999 -9999 -9999 -9999 -9999 -9999 0.302903 0.278196 0.26357 0.253253 0.239146 0.215388 0.181567 0.153132 0.165522 0.185376 0.189473 0.174416 0.140861 0.132039 0.173181 0.202828 0.22118 0.234347 0.251557 -9999 -9999 -9999 -9999 -9999 -9999 -9999 -9999 -9999 -9999 -9999 -9999 -9999 -9999 -9999 -9999 -9999 -9999 -9999 -9999 -9999 -9999 -9999 -9999 -9999 -9999 -9999 -9999 -9999 -9999 -9999 -9999 -9999 -9999 -9999 -9999 -9999 -9999 -9999 -9999 -9999 -9999 -9999 -9999 -9999 -9999 -9999 -9999 -9999 -9999 -9999 -9999 -9999
-9999 -9999 -9999 -9999 -9999 -9999 -9999 -9999 -9999 0.326241 0.308154 0.292167 0.274389 0.252219 0.227998 0.211119 0.211156 0.217614 0.217147 0.205596 0.189032 0.188792 0.211872 0.237741 0.259585 -9999 -9999 -9999 -9999 -9999 -9999 -9999 -9999 -9999 -9999 -9999 -9999 -9999 -9999 -9999 -9999 -9999 -9999 -9999 -9999 -9999 -9999 -9999 -9999 -9999 -9999 -9999 -9999 -9999 -9999 -9999 -9999 -9999 -9999 -9999 -9999 -9999 -9999 -9999 -9999 -9999 -9999 -9999 -9999 -9999 -9999 -9999 -9999 -9999 -9999 -9999 -9999 -9999 -9999 -9999
-9999 -9999 -9999 -9999 -9999 -9999 -9999 -9999 -9999 -9999 -9999 -9999 0.315997 0.296811 0.278749 0.266294 0.26199 0.259971 0.25692 0.249907 0.243521 -9999 -9999 -9999 -9999 -9999 -9999 -9999 -9999 -9999 -9999 -9999 -9999 -9999 -9999 -9999 -9999 -9999 -9999 -9999 -9999 -9999 -9999 -9999 -9999 -9999 -9999 -9999 -9999 -9999 -9999 -9999 -9999 -9999 -9999 -9999 -9999 -9999 -9999 -9999 -9999 -9999 -9999 -9999 -9999 -9999 -9999 -9999 -9999 -9999 -9999 -9999 -9999 -9999 -9999 -9999 -9999 -9999 -9999 -9999
-9999 -9999 -9999 -9999 -9999 -9999 -9999 -9999 -9999 -9999 -9999 -9999 -9999 -9999 -9999 -9999 -9999 -9999 -9999 -9999 -9999 -9999 -9999 -9999 -9999 -9999 -9999 -9999 -9999 -9999 -9999 -9999 -9999 -9999 -9999 -9999 -9999 -9999 -9999 -9999 -9999 -9999 -9999 -9999 -9999 -9999 -9999 -9999 -9999 -9999 -9999 -9999 -9999 -9999 -9999 -9999 -9999 -9999 -9999 -9999 -9999 -9999 -9999 -9999 -9999 -9999 -9999 -9999 -9999 -9999 -9999 -9999 -9999 -9999 -9999 -9999 -9999 -9999 -9999 -9999
-9999 -9999 -9999 -9999 -9999 -9999 -9999 -9999 -9999 -9999 -9999 -9999 -9999 -9999 -9999 -9999 -9999 -9999 -9999 -9999 -9999 -9999 -9999 -9999 -9999 -9999 -9999 -9999 -9999 -9999 -9999 -9999 -9999 -9999 -9999 -9999 -9999 -9999 -9999 -9999 -9999 -9999 -9999 -9999 -9999 -9999 -9999 -9999 -9999 -9999 -9999 -9999 -9999 -9999 -9999 -9999 -9999 -9999 -9999 -9999 -9999 -9999 -9999 -9999 -9999 -9999 -9999 -9999 -9999 -9999 -9999 -9999 -9999 -9999 -9999 -9999 -9999 -9999 -9999 -9999
-9999 -9999 -9999 -9999 -9999 -9999 -9999 -9999 -9999 -9999 -9999 -9999 -9999 -9999 -9999 -9999 -9999 -9999 -9999 -9999 -9999 -9999 -9999 -9999 -9999 -9999 -9999 -9999 -9999 -9999 -9999 -9999 -9999 -9999 -9999 -9999 -9999 -9999 -9999 -9999 -9999 -9999 -9999 -9999 -9999 -9999 -9999 -9999 -9999 -9999 -9999 -9999 -9999 -9999 -9999 -9999 -9999 -9999 -9999 -9999 -9999 -9999 -9999 -9999 -9999 -9999 -9999 -9999 -9999 -9999 -9999 -9999 -9999 -9999 -9999 -9999 -9999 -9999 -9999 -9999
-9999 -9999 -9999 -9999 -9999 -9999 -9999 -9999 -9999 -9999 -9999 -9999 -9999 -9999 -9999 -9999 -9999 -9999 -9999 -9999 -9999 -9999 -9999 -9999 -9999 -9999 -9999 -9999 -9999 -9999 -9999 -9999 -9999 -9999 -9999 -9999 -9999 -9999 -9999 -9999 -9999 -9999 -9999 -9999 -9999 -9999 -9999 -9999 -9999 -9999 -9999 -9999 -9999 -9999 -9999 -9999 -9999 -9999 -9999 -9999 -9999 -9999 -9999 -9999 -9999 -9999 -9999 -9999 -9999 -9999 -9999 -9999 -9999 -9999 -9999 -9999 -9999 -9999 -9999 -9999
-9999 -9999 -9999 -9999 -9999 -9999 -9999 -9999 -9999 -9999 -9999 -9999 -9999 -9999 -9999 -9999 -9999 -9999 -9999 -9999 -9999 -9999 -9999 -9999 -9999 -9999 -9999 -9999 -9999 -9999 -9999 -9999 -9999 -9999 -9999 -9999 -9999 -9999 -9999 -9999 -9999 -9999 -9999 -9999 -9999 -9999 -9999 -9999 -9999 -9999 -9999 -9999 -9999 -9999 -9999 -9999 -9999 -9999 -9999 -9999 -9999 -9999 -9999 -9999 -9999 -9999 -9999 -9999 -9999 -9999 -9999 -9999 -9999 -9999 -9999 -9999 -9999 -9999 -9999 -9999
