NCOLS               80
NROWS              115
XLLCORNER       178400
YLLCORNER       329400
CELLSIZE            40
NODATA_VALUE     -9999
-9999 -9999 -9999 -9999 -9999 -9999 -9999 -9999 -9999 -9999 -9999 -9999 -9999 -9999 -9999 -9999 -9999 -9999 -9999 -9999 -9999 -9999 -9999 -9999 -9999 -9999 -9999 -9999 -9999 -9999 -9999 -9999 -9999 -9999 -9999 -9999 -9999 -9999 -9999 -9999 -9999 -9999 -9999 -9999 -9999 -9999 -9999 -9999 -9999 -9999 -9999 -9999 -9999 -9999 -9999 -9999 -9999 -9999 -9999 -9999 -9999 -9999 -9999 -9999 -9999 -9999 -9999 -9999 -9999 -9999 -9999 -9999 -9999 -9999 -9999 -9999 -9999 -9999 -9999 -9999
-9999 -9999 -9999 -9999 -9999 -9999 -9999 -9999 -9999 -9999 -9999 -9999 -9999 -9999 -9999 -9999 -9999 -9999 -9999 -9999 -9999 -9999 -9999 -9999 -9999 -9999 -9999 -9999 -9999 -9999 -9999 -9999 -9999 -9999 -9999 -9999 -9999 -9999 -9999 -9999 -9999 -9999 -9999 -9999 -9999 -9999 -9999 -9999 -9999 -9999 -9999 -9999 -9999 -9999 -9999 -9999 -9999 -9999 -9999 -9999 -9999 -9999 -9999 -9999 -9999 -9999 -9999 -9999 -9999 -9999 -9999 -9999 -9999 -9999 -9999 -9999 -9999 -9999 -9999 -9999
-9999 -9999 -9999 -9999 -9999 -9999 -9999 -9999 -9999 -9999 -9999 -9999 -9999 -9999 -9999 -9999 -9999 -9999 -9999 -9999 -9999 -9999 -9999 -9999 -9999 -9999 -9999 -9999 -9999 -9999 -9999 -9999 -9999 -9999 -9999 -9999 -9999 -9999 -9999 -9999 -9999 -9999 -9999 -9999 -9999 -9999 -9999 -9999 -9999 -9999 -9999 -9999 -9999 -9999 -9999 -9999 -9999 -9999 -9999 -9999 -9999 -9999 -9999 -9999 -9999 -9999 -9999 -9999 -9999 -9999 -9999 -9999 -9999 -9999 -9999 -9999 -9999 -9999 -9999 -9999
-9999 -9999 -9999 -9999 -9999 -9999 -9999 -9999 -9999 -9999 -9999 -9999 -9999 -9999 -9999 -9999 -9999 -9999 -9999 -9999 -9999 -9999 -9999 -9999 -9999 -9999 -9999 -9999 -9999 -9999 -9999 -9999 -9999 -9999 -9999 -9999 -9999 -9999 -9999 -9999 -9999 -9999 -9999 -9999 -9999 -9999 -9999 -9999 -9999 -9999 -9999 -9999 -9999 -9999 -9999 -9999 -9999 -9999 -9999 -9999 -9999 -9999 -9999 -9999 -9999 -9999 -9999 -9999 -9999 -9999 -9999 -9999 -9999 -9999 -9999 -9999 -9999 -9999 -9999 -9999
-9999 -9999 -9999 -9999 -9999 -9999 -9999 -9999 -9999 -9999 -9999 -9999 -9999 -9999 -9999 -9999 -9999 -9999 -9999 -9999 -9999 -9999 -9999 -9999 -9999 -9999 -9999 -9999 -9999 -9999 -9999 -9999 -9999 -9999 -9999 -9999 -9999 -9999 -9999 -9999 -9999 -9999 -9999 -9999 -9999 -9999 -9999 -9999 -9999 -9999 -9999 -9999 -9999 -9999 -9999 -9999 -9999 -9999 -9999 -9999 -9999 -9999 -9999 -9999 -9999 -9999 -9999 -9999 -9999 -9999 -9999 -9999 -9999 -9999 -9999 -9999 -9999 -9999 -9999 -9999
-9999 -9999 -9999 -9999 -9999 -9999 -9999 -9999 -9999 -9999 -9999 -9999 -9999 -9999 -9999 -9999 -9999 -9999 -9999 -9999 -9999 -9999 -9999 -9999 -9999 -9999 -9999 -9999 -9999 -9999 -9999 -9999 -9999 -9999 -9999 -9999 -9999 -9999 -9999 -9999 -9999 -9999 -9999 -9999 -9999 -9999 -9999 -9999 -9999 -9999 -9999 -9999 -9999 -9999 -9999 -9999 -9999 -9999 -9999 -9999 -9999 -9999 -9999 -9999 -9999 -9999 -9999 -9999 -9999 -9999 -9999 -9999 -9999 -9999 -9999 -9999 -9999 -9999 -9999 -9999
-9999 -9999 -9999 -9999 -9999 -9999 -9999 -9999 -9999 -9999 -9999 -9999 -9999 -9999 -9999 -9999 -9999 -9999 -9999 -9999 -9999 -9999 -9999 -9999 -9999 -9999 -9999 -9999 -9999 -9999 -9999 -9999 -9999 -9999 -9999 -9999 -9999 -9999 -9999 -9999 -9999 -9999 -9999 -9999 -9999 -9999 -9999 -9999 -9999 -9999 -9999 -9999 -9999 -9999 -9999 -9999 -9999 -9999 -9999 -9999 -9999 -9999 -9999 -9999 -9999 -9999 -9999 -9999 -9999 6.52771 -9999 -9999 -9999 -9999 -9999 -9999 -9999 -9999 -9999 -9999
-9999 -9999 -9999 -9999 -9999 -9999 -9999 -9999 -9999 -9999 -9999 -9999 -9999 -9999 -9999 -9999 -9999 -9999 -9999 -9999 -9999 -9999 -9999 -9999 -9999 -9999 -9999 -9999 -9999 -9999 -9999 -9999 -9999 -9999 -9999 -9999 -9999 -9999 -9999 -9999 -9999 -9999 -9999 -9999 -9999 -9999 -9999 -9999 -9999 -9999 -9999 -9999 -9999 -9999 -9999 -9999 -9999 -9999 -9999 -9999 -9999 -9999 -9999 -9999 -9999 -9999 -9999 -9999 6.65256 6.52509 6.41483 -9999 -9999 -9999 -9999 -9999 -9999 -9999 -9999 -9999
-9999 -9999 -9999 -9999 -9999 -9999 -9999 -9999 -9999 -9999 -9999 -9999 -9999 -9999 -9999 -9999 -9999 -9999 -9999 -9999 -9999 -9999 -9999 -9999 -9999 -9999 -9999 -9999 -9999 -9999 -9999 -9999 -9999 -9999 -9999 -9999 -9999 -9999 -9999 -9999 -9999 -9999 -9999 -9999 -9999 -9999 -9999 -9999 -9999 -9999 -9999 -9999 -9999 -9999 -9999 -9999 -9999 -9999 -9999 -9999 -9999 -9999 -9999 -9999 -9999 -9999 -9999 6.77565 6.65142 6.51911 6.3835 -9999 -9999 -9999 -9999 -9999 -9999 -9999 -9999 -9999
-9999 -9999 -9999 -9999 -9999 -9999 -9999 -9999 -9999 -9999 -9999 -9999 -9999 -9999 -9999 -9999 -9999 -9999 -9999 -9999 -9999 -9999 -9999 -9999 -9999 -9999 -9999 -9999 -9999 -9999 -9999 -9999 -9999 -9999 -9999 -9999 -9999 -9999 -9999 -9999 -9999 -9999 -9999 -9999 -9999 -9999 -9999 -9999 -9999 -9999 -9999 -9999 -9999 -9999 -9999 -9999 -9999 -9999 -9999 -9999 -9999 -9999 -9999 -9999 -9999 -9999 6.90317 6.78236 6.63561 6.48536 6.33725 6.19088 -9999 -9999 -9999 -9999 -9999 -9999 -9999 -9999
-9999 -9999 -9999 -9999 -9999 -9999 -9999 -9999 -9999 -9999 -9999 -9999 -9999 -9999 -9999 -9999 -9999 -9999 -9999 -9999 -9999 -9999 -9999 -9999 -9999 -9999 -9999 -9999 -9999 -9999 -9999 -9999 -9999 -9999 -9999 -9999 -9999 -9999 -9999 -9999 -9999 -9999 -9999 -9999 -9999 -9999 -9999 -9999 -9999 -9999 -9999 -9999 -9999 -9999 -9999 -9999 -9999 -9999 -9999 -9999 -9999 -9999 -9999 -9999 -9999 6.97438 6.8777 6.74057 6.58838 6.42892 6.26316 6.11335 5.99694 -9999 -9999 -9999 -9999 -9999 -9999 -9999
-9999 -9999 -9999 -9999 -9999 -9999 -9999 -9999 -9999 -9999 -9999 -9999 -9999 -9999 -9999 -9999 -9999 -9999 -9999 -9999 -9999 -9999 -9999 -9999 -9999 -9999 -9999 -9999 -9999 -9999 -9999 -9999 -9999 -9999 -9999 -9999 -9999 -9999 -9999 -9999 -9999 -9999 -9999 -9999 -9999 -9999 -9999 -9999 -9999 -9999 -9999 -9999 -9999 -9999 -9999 -9999 -9999 -9999 -9999 -9999 -9999 -9999 -9999 -9999 6.94424 6.90146 6.78761 6.6476 6.50539 6.34807 6.16197 5.99691 5.87422 -9999 -9999 -9999 -9999 -9999 -9999 -9999
-9999 -9999 -9999 -9999 -9999 -9999 -9999 -9999 -9999 -9999 -9999 -9999 -9999 -9999 -9999 -9999 -9999 -9999 -9999 -9999 -9999 -9999 -9999 -9999 -9999 -9999 -9999 -9999 -9999 -9999 -9999 -9999 -9999 -9999 -9999 -9999 -9999 -9999 -9999 -9999 -9999 -9999 -9999 -9999 -9999 -9999 -9999 -9999 -9999 -9999 -9999 -9999 -9999 -9999 -9999 -9999 -9999 -9999 -9999 -9999 -9999 -9999 -9999 6.90739 6.83743 6.75215 6.63999 6.51047 6.37304 6.21613 6.04289 5.87075 5.73155 5.71147 -9999 -9999 -9999 -9999 -9999 -9999
-9999 -9999 -9999 -9999 -9999 -9999 -9999 -9999 -9999 -9999 -9999 -9999 -9999 -9999 -9999 -9999 -9999 -9999 -9999 -9999 -9999 -9999 -9999 -9999 -9999 -9999 -9999 -9999 -9999 -9999 -9999 -9999 -9999 -9999 -9999 -9999 -9999 -9999 -9999 -9999 -9999 -9999 -9999 -9999 -9999 -9999 -9999 -9999 -9999 -9999 -9999 -9999 -9999 -9999 -9999 -9999 -9999 -9999 -9999 -9999 -9999 -9999 -9999 6.81698 6.70005 6.58359 6.46604 6.34607 6.22251 6.08325 5.93104 5.7827 5.66898 5.65322 -9999 -9999 -9999 -9999 -9999 -9999
-9999 -9999 -9999 -9999 -9999 -9999 -9999 -9999 -9999 -9999 -9999 -9999 -9999 -9999 -9999 -9999 -9999 -9999 -9999 -9999 -9999 -9999 -9999 -9999 -9999 -9999 -9999 -9999 -9999 -9999 -9999 -9999 -9999 -9999 -9999 -9999 -9999 -9999 -9999 -9999 -9999 -9999 -9999 -9999 -9999 -9999 -9999 -9999 -9999 -9999 -9999 -9999 -9999 -9999 -9999 -9999 -9999 -9999 -9999 -9999 -9999 -9999 6.86619 6.73001 6.57285 6.41368 6.28904 6.18182 6.07256 5.95667 5.83916 5.7314 5.65767 5.63265 5.6382 -9999 -9999 -9999 -9999 -9999
-9999 -9999 -9999 -9999 -9999 -9999 -9999 -9999 -9999 -9999 -9999 -9999 -9999 -9999 -9999 -9999 -9999 -9999 -9999 -9999 -9999 -9999 -9999 -9999 -9999 -9999 -9999 -9999 -9999 -9999 -9999 -9999 -9999 -9999 -9999 -9999 -9999 -9999 -9999 -9999 -9999 -9999 -9999 -9999 -9999 -9999 -9999 -9999 -9999 -9999 -9999 -9999 -9999 -9999 -9999 -9999 -9999 -9999 -9999 -9999 -9999 6.95399 6.82786 6.6462 6.44396 6.23866 6.12424 6.0336 5.93962 5.84541 5.75747 5.68304 5.63141 5.61645 5.62078 5.63606 -9999 -9999 -9999 -9999
-9999 -9999 -9999 -9999 -9999 -9999 -9999 -9999 -9999 -9999 -9999 -9999 -9999 -9999 -9999 -9999 -9999 -9999 -9999 -9999 -9999 -9999 -9999 -9999 -9999 -9999 -9999 -9999 -9999 -9999 -9999 -9999 -9999 -9999 -9999 -9999 -9999 -9999 -9999 -9999 -9999 -9999 -9999 -9999 -9999 -9999 -9999 -9999 -9999 -9999 -9999 -9999 -9999 -9999 -9999 -9999 -9999 -9999 -9999 -9999 -9999 6.93985 6.78461 6.56917 6.34911 6.13932 6.01444 5.92372 5.83088 5.74753 5.67873 5.62827 5.60191 5.59278 5.60104 5.62072 -9999 -9999 -9999 -9999
-9999 -9999 -9999 -9999 -9999 -9999 -9999 -9999 -9999 -9999 -9999 -9999 -9999 -9999 -9999 -9999 -9999 -9999 -9999 -9999 -9999 -9999 -9999 -9999 -9999 -9999 -9999 -9999 -9999 -9999 -9999 -9999 -9999 -9999 -9999 -9999 -9999 -9999 -9999 -9999 -9999 -9999 -9999 -9999 -9999 -9999 -9999 -9999 -9999 -9999 -9999 -9999 -9999 -9999 -9999 -9999 -9999 -9999 -9999 -9999 6.9421 6.85337 6.68976 6.48264 6.27557 6.09161 5.95033 5.83986 5.74405 5.65896 5.5987 5.56469 5.5559 5.56749 5.58668 5.60315 5.60952 -9999 -9999 -9999
-9999 -9999 -9999 -9999 -9999 -9999 -9999 -9999 -9999 -9999 -9999 -9999 -9999 -9999 -9999 -9999 -9999 -9999 -9999 -9999 -9999 -9999 -9999 -9999 -9999 -9999 -9999 -9999 -9999 -9999 -9999 -9999 -9999 -9999 -9999 -9999 -9999 -9999 -9999 -9999 -9999 -9999 -9999 -9999 -9999 -9999 -9999 -9999 -9999 -9999 -9999 -9999 -9999 -9999 -9999 -9999 -9999 -9999 -9999 -9999 6.87599 6.75037 6.56979 6.37799 6.19088 6.02391 5.88537 5.7651 5.66085 5.57408 5.51554 5.48778 5.49654 5.52726 5.57525 5.58023 5.58452 -9999 -9999 -9999
-9999 -9999 -9999 -9999 -9999 -9999 -9999 -9999 -9999 -9999 -9999 -9999 -9999 -9999 -9999 -9999 -9999 -9999 -9999 -9999 -9999 -9999 -9999 -9999 -9999 -9999 -9999 -9999 -9999 -9999 -9999 -9999 -9999 -9999 -9999 -9999 -9999 -9999 -9999 -9999 -9999 -9999 -9999 -9999 -9999 -9999 -9999 -9999 -9999 -9999 -9999 -9999 -9999 -9999 -9999 -9999 -9999 -9999 -9999 6.78344 6.72603 6.59555 6.42461 6.25215 6.08485 5.93444 5.8065 5.68501 5.57527 5.48234 5.42033 5.40427 5.42332 5.46556 5.51152 5.53226 5.55184 5.57248 -9999 -9999
-9999 -9999 -9999 -9999 -9999 -9999 -9999 -9999 -9999 -9999 -9999 -9999 -9999 -9999 -9999 -9999 -9999 -9999 -9999 -9999 -9999 -9999 -9999 -9999 -9999 -9999 -9999 -9999 -9999 -9999 -9999 -9999 -9999 -9999 -9999 -9999 -9999 -9999 -9999 -9999 -9999 -9999 -9999 -9999 -9999 -9999 -9999 -9999 -9999 -9999 -9999 -9999 -9999 -9999 -9999 -9999 -9999 -9999 -9999 6.63361 6.53458 6.40431 6.25915 6.11303 5.9656 5.82818 5.70946 5.59637 5.48886 5.39244 5.3178 5.3165 5.35635 5.39974 5.44887 5.49066 5.50992 5.547 5.57035 -9999
-9999 -9999 -9999 -9999 -9999 -9999 -9999 -9999 -9999 -9999 -9999 -9999 -9999 -9999 -9999 -9999 -9999 -9999 -9999 -9999 -9999 -9999 -9999 -9999 -9999 -9999 -9999 -9999 -9999 -9999 -9999 -9999 -9999 -9999 -9999 -9999 -9999 -9999 -9999 -9999 -9999 -9999 -9999 -9999 -9999 -9999 -9999 -9999 -9999 -9999 -9999 -9999 -9999 -9999 -9999 -9999 -9999 -9999 -9999 6.48633 6.35915 6.21474 6.09717 5.97827 5.85286 5.73133 5.62289 5.51854 5.41585 5.32225 5.26371 5.26543 5.30319 5.35222 5.39605 5.44632 5.47354 5.51759 5.56634 -9999
-9999 -9999 -9999 -9999 -9999 -9999 -9999 -9999 -9999 -9999 -9999 -9999 -9999 -9999 -9999 -9999 -9999 -9999 -9999 -9999 -9999 -9999 -9999 -9999 -9999 -9999 -9999 -9999 -9999 -9999 -9999 -9999 -9999 -9999 -9999 -9999 -9999 -9999 -9999 -9999 -9999 -9999 -9999 -9999 -9999 -9999 -9999 -9999 -9999 -9999 -9999 -9999 -9999 -9999 -9999 -9999 -9999 -9999 6.4939 6.36408 6.22429 6.07203 5.96724 5.86443 5.75748 5.65281 5.55364 5.45951 5.36824 5.28609 5.24474 5.24381 5.26969 5.3122 5.36525 5.40986 5.46615 5.49701 -9999 -9999
-9999 -9999 -9999 -9999 -9999 -9999 -9999 -9999 -9999 -9999 -9999 -9999 -9999 -9999 -9999 -9999 -9999 -9999 -9999 -9999 -9999 -9999 -9999 -9999 -9999 -9999 -9999 -9999 -9999 -9999 -9999 -9999 -9999 -9999 -9999 -9999 -9999 -9999 -9999 -9999 -9999 -9999 -9999 -9999 -9999 -9999 -9999 -9999 -9999 -9999 -9999 -9999 -9999 -9999 -9999 -9999 -9999 6.55078 6.42121 6.28101 6.13475 5.99481 5.87772 5.77378 5.67688 5.58607 5.50077 5.4195 5.34434 5.28147 5.24297 5.23299 5.24785 5.28257 5.33372 5.39528 5.44542 5.48192 -9999 -9999
-9999 -9999 -9999 -9999 -9999 -9999 -9999 -9999 -9999 -9999 -9999 -9999 -9999 -9999 -9999 -9999 -9999 -9999 -9999 -9999 -9999 -9999 -9999 -9999 -9999 -9999 -9999 -9999 -9999 -9999 -9999 -9999 -9999 -9999 -9999 -9999 -9999 -9999 -9999 -9999 -9999 -9999 -9999 -9999 -9999 -9999 -9999 -9999 -9999 -9999 -9999 -9999 -9999 -9999 -9999 -9999 -9999 6.50985 6.36389 6.21077 6.05929 5.91955 5.80047 5.69615 5.60651 5.52832 5.45789 5.3931 5.33451 5.28366 5.24654 5.22886 5.23255 5.25905 5.30867 5.37588 5.43272 -9999 -9999 -9999
-9999 -9999 -9999 -9999 -9999 -9999 -9999 -9999 -9999 -9999 -9999 -9999 -9999 -9999 -9999 -9999 -9999 -9999 -9999 -9999 -9999 -9999 -9999 -9999 -9999 -9999 -9999 -9999 -9999 -9999 -9999 -9999 -9999 -9999 -9999 -9999 -9999 -9999 -9999 -9999 -9999 -9999 -9999 -9999 -9999 -9999 -9999 -9999 -9999 -9999 -9999 -9999 -9999 -9999 -9999 -9999 6.59024 6.48213 6.31014 6.1383 5.98794 5.84421 5.72499 5.62304 5.54086 5.47521 5.42182 5.37567 5.33465 5.29222 5.25389 5.22982 5.22345 5.23869 5.28955 5.36506 5.44635 -9999 -9999 -9999
-9999 -9999 -9999 -9999 -9999 -9999 -9999 -9999 -9999 -9999 -9999 -9999 -9999 -9999 -9999 -9999 -9999 -9999 -9999 -9999 -9999 -9999 -9999 -9999 -9999 -9999 -9999 -9999 -9999 -9999 -9999 -9999 -9999 -9999 -9999 -9999 -9999 -9999 -9999 -9999 -9999 -9999 -9999 -9999 -9999 -9999 -9999 -9999 -9999 -9999 -9999 -9999 -9999 -9999 -9999 -9999 6.52587 6.38731 6.22558 6.06124 5.9083 5.77109 5.64643 5.54769 5.47834 5.42896 5.38976 5.36148 5.34293 5.30475 5.26283 5.23636 5.22589 5.23073 5.28587 5.36802 -9999 -9999 -9999 -9999
-9999 -9999 -9999 -9999 -9999 -9999 -9999 -9999 -9999 -9999 -9999 -9999 -9999 -9999 -9999 -9999 -9999 -9999 -9999 -9999 -9999 -9999 -9999 -9999 -9999 -9999 -9999 -9999 -9999 -9999 -9999 -9999 -9999 -9999 -9999 -9999 -9999 -9999 -9999 -9999 -9999 -9999 -9999 -9999 -9999 -9999 -9999 -9999 -9999 -9999 -9999 -9999 -9999 -9999 -9999 6.61015 6.45517 6.27881 6.13665 5.99303 5.8478 5.69964 5.56825 5.47393 5.42298 5.39229 5.3591 5.34115 5.32928 5.30122 5.26801 5.24774 5.24398 5.26182 5.31166 5.3878 -9999 -9999 -9999 -9999
-9999 -9999 -9999 -9999 -9999 -9999 -9999 -9999 -9999 -9999 -9999 -9999 -9999 -9999 -9999 -9999 -9999 -9999 -9999 -9999 -9999 -9999 -9999 -9999 -9999 -9999 -9999 -9999 -9999 -9999 -9999 -9999 -9999 -9999 -9999 -9999 -9999 -9999 -9999 -9999 -9999 -9999 -9999 -9999 -9999 -9999 -9999 -9999 -9999 -9999 -9999 -9999 -9999 -9999 -9999 6.59554 6.41496 6.22228 6.06728 5.93176 5.78568 5.64908 5.5148 5.42453 5.38325 5.35846 5.33581 5.31872 5.30666 5.28856 5.2705 5.26171 5.26889 5.29606 5.34048 -9999 -9999 -9999 -9999 -9999
-9999 -9999 -9999 -9999 -9999 -9999 -9999 -9999 -9999 -9999 -9999 -9999 -9999 -9999 -9999 -9999 -9999 -9999 -9999 -9999 -9999 -9999 -9999 -9999 -9999 -9999 -9999 -9999 -9999 -9999 -9999 -9999 -9999 -9999 -9999 -9999 -9999 -9999 -9999 -9999 -9999 -9999 -9999 -9999 -9999 -9999 -9999 -9999 -9999 -9999 -9999 -9999 -9999 -9999 -9999 6.58175 6.39272 6.19866 6.02678 5.8785 5.7418 5.61182 5.50228 5.41598 5.36292 5.33645 5.31072 5.29722 5.29013 5.27816 5.27065 5.27662 5.29343 5.32659 5.37787 -9999 -9999 -9999 -9999 -9999
-9999 -9999 -9999 -9999 -9999 -9999 -9999 -9999 -9999 -9999 -9999 -9999 -9999 -9999 -9999 -9999 -9999 -9999 -9999 -9999 -9999 -9999 -9999 -9999 -9999 -9999 -9999 -9999 -9999 -9999 -9999 -9999 -9999 -9999 -9999 -9999 -9999 -9999 -9999 -9999 -9999 -9999 -9999 -9999 -9999 -9999 -9999 -9999 -9999 -9999 -9999 -9999 -9999 -9999 6.74187 6.57239 6.36953 6.16086 5.9794 5.82701 5.69611 5.58537 5.49135 5.40658 5.3482 5.31307 5.28933 5.27601 5.27171 5.26978 5.27459 5.28685 5.31037 5.36134 -9999 -9999 -9999 -9999 -9999 -9999
-9999 -9999 -9999 -9999 -9999 -9999 -9999 -9999 -9999 -9999 -9999 -9999 -9999 -9999 -9999 -9999 -9999 -9999 -9999 -9999 -9999 -9999 -9999 -9999 -9999 -9999 -9999 -9999 -9999 -9999 -9999 -9999 -9999 -9999 -9999 -9999 -9999 -9999 -9999 -9999 -9999 -9999 -9999 -9999 -9999 -9999 -9999 -9999 -9999 -9999 -9999 -9999 -9999 -9999 6.75691 6.56746 6.34336 6.10342 5.92028 5.77687 5.65315 5.54792 5.46275 5.37725 5.30778 5.27815 5.26436 5.26037 5.26124 5.26777 5.27925 5.2978 5.33602 5.3793 -9999 -9999 -9999 -9999 -9999 -9999
-9999 -9999 -9999 -9999 -9999 -9999 -9999 -9999 -9999 -9999 -9999 -9999 -9999 -9999 -9999 -9999 -9999 -9999 -9999 -9999 -9999 -9999 -9999 -9999 -9999 -9999 -9999 -9999 -9999 -9999 -9999 -9999 -9999 -9999 -9999 -9999 -9999 -9999 -9999 -9999 -9999 -9999 -9999 -9999 -9999 -9999 -9999 -9999 -9999 -9999 -9999 -9999 -9999 6.89722 6.7475 6.54595 6.30233 6.03311 5.8564 5.72773 5.61286 5.50896 5.41439 5.32657 5.25689 5.24481 5.24467 5.25012 5.25874 5.26919 5.29104 5.31589 5.34972 -9999 -9999 -9999 -9999 -9999 -9999 -9999
-9999 -9999 -9999 -9999 -9999 -9999 -9999 -9999 -9999 -9999 -9999 -9999 -9999 -9999 -9999 -9999 -9999 -9999 -9999 -9999 -9999 -9999 -9999 -9999 -9999 -9999 -9999 -9999 -9999 -9999 -9999 -9999 -9999 -9999 -9999 -9999 -9999 -9999 -9999 -9999 -9999 -9999 -9999 -9999 -9999 -9999 -9999 -9999 -9999 -9999 -9999 -9999 -9999 6.8293 6.68051 6.47972 6.23601 5.96667 5.81573 5.69736 5.58476 5.47541 5.38099 5.29818 5.24563 5.23129 5.23803 5.25494 5.26595 5.28216 5.30057 5.3374 5.37574 -9999 -9999 -9999 -9999 -9999 -9999 -9999
-9999 -9999 -9999 -9999 -9999 -9999 -9999 -9999 -9999 -9999 -9999 -9999 -9999 -9999 -9999 -9999 -9999 -9999 -9999 -9999 -9999 -9999 -9999 -9999 -9999 -9999 -9999 -9999 -9999 -9999 -9999 -9999 -9999 -9999 -9999 -9999 -9999 -9999 -9999 -9999 -9999 -9999 -9999 -9999 -9999 -9999 -9999 -9999 -9999 -9999 -9999 -9999 6.87948 6.76863 6.61523 6.4278 6.20865 5.99002 5.8203 5.6808 5.56303 5.45462 5.36272 5.28973 5.2468 5.23426 5.24286 5.26494 5.28383 5.29754 5.31173 5.35163 -9999 -9999 -9999 -9999 -9999 -9999 -9999 -9999
-9999 -9999 -9999 -9999 -9999 -9999 -9999 -9999 -9999 -9999 -9999 -9999 -9999 -9999 -9999 -9999 -9999 -9999 -9999 -9999 -9999 -9999 -9999 -9999 -9999 -9999 -9999 -9999 -9999 -9999 -9999 -9999 -9999 -9999 -9999 -9999 -9999 -9999 -9999 -9999 -9999 -9999 -9999 -9999 -9999 -9999 -9999 -9999 -9999 -9999 -9999 6.93238 6.81932 6.71273 6.57346 6.39006 6.20279 6.00345 5.83177 5.68124 5.54647 5.43672 5.34732 5.28544 5.24967 5.24171 5.25461 5.28251 5.31461 5.31932 5.33528 5.3575 -9999 -9999 -9999 -9999 -9999 -9999 -9999 -9999
-9999 -9999 -9999 -9999 -9999 -9999 -9999 -9999 -9999 -9999 -9999 -9999 -9999 -9999 -9999 -9999 -9999 -9999 -9999 -9999 -9999 -9999 -9999 -9999 -9999 -9999 -9999 -9999 -9999 -9999 -9999 -9999 -9999 -9999 -9999 -9999 -9999 -9999 -9999 -9999 -9999 -9999 -9999 -9999 -9999 -9999 -9999 -9999 -9999 -9999 7.04615 6.90428 6.78007 6.66565 6.52265 6.37193 6.19968 6.01223 5.8325 5.68661 5.54288 5.41965 5.32836 5.27794 5.25284 5.25032 5.26593 5.29629 5.32698 5.3548 5.39756 -9999 -9999 -9999 -9999 -9999 -9999 -9999 -9999 -9999
-9999 -9999 -9999 -9999 -9999 -9999 -9999 -9999 -9999 -9999 -9999 -9999 -9999 -9999 -9999 -9999 -9999 -9999 -9999 -9999 -9999 -9999 -9999 -9999 -9999 -9999 -9999 -9999 -9999 -9999 -9999 -9999 -9999 -9999 -9999 -9999 -9999 -9999 -9999 -9999 -9999 -9999 -9999 -9999 -9999 -9999 -9999 -9999 -9999 7.15428 7.01097 6.84647 6.70546 6.58394 6.46366 6.33814 6.18447 6.01014 5.83447 5.6812 5.53961 5.39922 5.31738 5.27962 5.25657 5.25834 5.27834 5.31073 5.34983 5.37734 5.41744 -9999 -9999 -9999 -9999 -9999 -9999 -9999 -9999 -9999
-9999 -9999 -9999 -9999 -9999 -9999 -9999 -9999 -9999 -9999 -9999 -9999 -9999 -9999 -9999 -9999 -9999 -9999 -9999 -9999 -9999 -9999 -9999 -9999 -9999 -9999 -9999 -9999 -9999 -9999 -9999 -9999 -9999 -9999 -9999 -9999 -9999 -9999 -9999 -9999 -9999 -9999 -9999 -9999 -9999 -9999 -9999 -9999 7.11102 7.06919 6.90482 6.72556 6.57755 6.45982 6.36746 6.29034 6.15637 5.98231 5.82078 5.6706 5.54035 5.41061 5.32368 5.28258 5.26658 5.27102 5.28962 5.31748 5.37444 5.42356 -9999 -9999 -9999 -9999 -9999 -9999 -9999 -9999 -9999 -9999
-9999 -9999 -9999 -9999 -9999 -9999 -9999 -9999 -9999 -9999 -9999 -9999 -9999 -9999 -9999 -9999 -9999 -9999 -9999 -9999 -9999 -9999 -9999 -9999 -9999 -9999 -9999 -9999 -9999 -9999 -9999 -9999 -9999 -9999 -9999 -9999 -9999 -9999 -9999 -9999 -9999 -9999 -9999 -9999 -9999 -9999 -9999 7.01002 6.9604 6.86934 6.71751 6.54269 6.39714 6.29202 6.22091 6.16514 6.06344 5.9279 5.78309 5.64866 5.5293 5.42381 5.34184 5.29098 5.27443 5.284 5.30526 5.33633 5.3734 5.41678 -9999 -9999 -9999 -9999 -9999 -9999 -9999 -9999 -9999 -9999
-9999 -9999 -9999 -9999 -9999 -9999 -9999 -9999 -9999 -9999 -9999 -9999 -9999 -9999 -9999 -9999 -9999 -9999 -9999 -9999 -9999 -9999 -9999 -9999 -9999 -9999 -9999 -9999 -9999 -9999 -9999 -9999 -9999 -9999 -9999 -9999 -9999 -9999 -9999 -9999 -9999 -9999 -9999 -9999 -9999 -9999 6.91738 6.87088 6.80415 6.68149 6.50856 6.316 6.16329 6.07692 6.02852 5.98403 5.92333 5.84332 5.73331 5.60942 5.50497 5.41886 5.35455 5.30857 5.29394 5.30096 5.32225 5.35538 5.37656 -9999 -9999 -9999 -9999 -9999 -9999 -9999 -9999 -9999 -9999 -9999
-9999 -9999 -9999 -9999 -9999 -9999 -9999 -9999 -9999 -9999 -9999 -9999 -9999 -9999 -9999 -9999 -9999 -9999 -9999 -9999 -9999 -9999 -9999 -9999 -9999 -9999 -9999 -9999 -9999 -9999 -9999 -9999 -9999 -9999 -9999 -9999 -9999 -9999 -9999 -9999 -9999 -9999 -9999 7.23697 7.07798 6.89883 6.80204 6.75758 6.67438 6.5212 6.30908 6.08119 5.89039 5.84631 5.82254 5.80271 5.78139 5.7496 5.66663 5.56522 5.46898 5.40306 5.36171 5.33415 5.32169 5.32463 5.34059 5.37419 5.42167 -9999 -9999 -9999 -9999 -9999 -9999 -9999 -9999 -9999 -9999 -9999
-9999 -9999 -9999 -9999 -9999 -9999 -9999 -9999 -9999 -9999 -9999 -9999 -9999 -9999 -9999 -9999 -9999 -9999 -9999 -9999 -9999 -9999 -9999 -9999 -9999 -9999 -9999 -9999 -9999 -9999 -9999 -9999 -9999 -9999 -9999 -9999 -9999 -9999 -9999 -9999 7.46547 7.40892 7.3339 7.19764 7.03493 6.87598 6.75404 6.66976 6.57314 6.37887 6.12789 5.88952 5.71485 5.64944 5.63018 5.62447 5.62378 5.60873 5.56124 5.49681 5.43093 5.37316 5.34553 5.33638 5.33316 5.33167 5.34965 5.39229 -9999 -9999 -9999 -9999 -9999 -9999 -9999 -9999 -9999 -9999 -9999 -9999
-9999 -9999 -9999 -9999 -9999 -9999 -9999 -9999 -9999 -9999 -9999 -9999 -9999 -9999 -9999 -9999 -9999 -9999 -9999 -9999 -9999 -9999 -9999 -9999 -9999 -9999 -9999 -9999 -9999 -9999 -9999 -9999 -9999 -9999 -9999 -9999 7.33919 7.34928 7.38509 7.41586 7.35824 7.32046 7.2612 7.12457 6.96905 6.82788 6.70607 6.58621 6.43289 6.20856 5.94962 5.71804 5.55903 5.4758 5.44725 5.44918 5.4603 5.46394 5.44331 5.41153 5.37954 5.34286 5.33267 5.31919 5.32342 5.345 5.35865 5.39728 -9999 -9999 -9999 -9999 -9999 -9999 -9999 -9999 -9999 -9999 -9999 -9999
-9999 -9999 -9999 -9999 -9999 -9999 -9999 -9999 -9999 -9999 -9999 -9999 -9999 -9999 -9999 -9999 -9999 -9999 -9999 -9999 -9999 -9999 -9999 -9999 -9999 -9999 -9999 -9999 -9999 -9999 -9999 -9999 7.06992 7.10606 7.14712 7.21425 7.18016 7.15843 7.16579 7.17128 7.146 7.14127 7.16151 6.984 6.84355 6.73384 6.63739 6.50606 6.30992 6.04845 5.76697 5.52861 5.38912 5.30824 5.28115 5.29629 5.31605 5.32767 5.32761 5.32507 5.31431 5.30609 5.31317 5.30279 5.31244 5.33625 5.36972 -9999 -9999 -9999 -9999 -9999 -9999 -9999 -9999 -9999 -9999 -9999 -9999 -9999
-9999 -9999 -9999 -9999 -9999 -9999 -9999 -9999 -9999 -9999 -9999 -9999 -9999 -9999 -9999 -9999 -9999 -9999 -9999 -9999 -9999 -9999 -9999 -9999 -9999 -9999 -9999 -9999 -9999 -9999 -9999 6.98013 6.93464 6.93447 6.94472 6.94395 6.91004 6.88376 6.869 6.85441 6.83007 6.80653 6.78032 6.69781 6.62923 6.59268 6.55388 6.45051 6.21279 5.92275 5.60849 5.33833 5.24975 5.18008 5.1525 5.17719 5.20161 5.21835 5.23127 5.23938 5.23966 5.24657 5.23519 5.27884 5.28695 5.33471 5.37728 -9999 -9999 -9999 -9999 -9999 -9999 -9999 -9999 -9999 -9999 -9999 -9999 -9999
-9999 -9999 -9999 -9999 -9999 -9999 -9999 -9999 -9999 -9999 -9999 -9999 -9999 -9999 -9999 -9999 -9999 -9999 -9999 -9999 -9999 -9999 -9999 -9999 -9999 -9999 -9999 -9999 -9999 -9999 6.95942 6.86712 6.78871 6.74297 6.70184 6.64886 6.59004 6.56646 6.55006 6.51761 6.47006 6.39527 6.31851 6.32325 6.36544 6.4105 6.415 6.34645 6.1151 5.8375 5.54838 5.31824 5.19371 5.12408 5.0912 5.09268 5.11148 5.14428 5.15574 5.17485 5.19085 5.18153 5.19331 5.21745 5.23897 5.26939 -9999 -9999 -9999 -9999 -9999 -9999 -9999 -9999 -9999 -9999 -9999 -9999 -9999 -9999
-9999 -9999 -9999 -9999 -9999 -9999 -9999 -9999 -9999 -9999 -9999 -9999 -9999 -9999 -9999 -9999 -9999 -9999 -9999 -9999 -9999 -9999 -9999 -9999 -9999 -9999 -9999 -9999 -9999 6.96631 6.89327 6.74336 6.61431 6.52749 6.456 6.38131 6.31586 6.26508 6.24464 6.20744 6.13422 6.03118 5.87399 5.99175 6.12164 6.2096 6.2416 6.17945 6.00614 5.77433 5.52861 5.31808 5.1728 5.08382 5.045 5.03179 5.04109 5.06382 5.08187 5.11016 5.14385 5.14469 5.14624 5.18527 5.22317 5.25821 -9999 -9999 -9999 -9999 -9999 -9999 -9999 -9999 -9999 -9999 -9999 -9999 -9999 -9999
-9999 -9999 -9999 -9999 -9999 -9999 -9999 -9999 -9999 -9999 -9999 -9999 -9999 -9999 -9999 -9999 -9999 -9999 -9999 -9999 -9999 -9999 -9999 -9999 -9999 -9999 -9999 -9999 -9999 6.90826 6.7859 6.55941 6.39407 6.28179 6.20371 6.12511 6.05482 6.01555 5.98513 5.94905 5.88707 5.80716 5.74372 5.81396 5.93337 6.04713 6.10552 6.06199 5.91028 5.71127 5.49599 5.29386 5.14272 5.04651 4.99485 4.98311 4.98853 5.00631 5.01138 5.06154 5.08456 5.12535 5.14127 5.13957 5.19992 -9999 -9999 -9999 -9999 -9999 -9999 -9999 -9999 -9999 -9999 -9999 -9999 -9999 -9999 -9999
-9999 -9999 -9999 -9999 -9999 -9999 -9999 -9999 -9999 -9999 -9999 -9999 -9999 -9999 -9999 -9999 -9999 -9999 -9999 -9999 -9999 -9999 -9999 -9999 -9999 -9999 -9999 -9999 6.83584 6.70089 6.49481 6.27047 6.11161 6.00562 5.92777 5.85623 5.78981 5.77073 5.75087 5.72698 5.69278 5.65997 5.64703 5.69657 5.79691 5.90706 5.99784 5.9782 5.82241 5.63757 5.43787 5.23772 5.09145 4.99944 4.95008 4.93267 4.94399 4.96418 4.96622 5.00196 5.03886 5.09608 5.13049 5.1019 5.1431 -9999 -9999 -9999 -9999 -9999 -9999 -9999 -9999 -9999 -9999 -9999 -9999 -9999 -9999 -9999
-9999 -9999 -9999 -9999 -9999 -9999 -9999 -9999 -9999 -9999 -9999 -9999 -9999 -9999 -9999 -9999 -9999 -9999 -9999 -9999 -9999 -9999 -9999 -9999 -9999 -9999 -9999 -9999 6.70586 6.46534 6.16538 5.92858 5.80389 5.70513 5.61265 5.55896 5.54227 5.54521 5.56078 5.54601 5.53647 5.53202 5.5438 5.57299 5.65821 5.77181 5.85698 5.84029 5.71665 5.53775 5.33381 5.14316 5.02027 4.94832 4.90815 4.89299 4.89812 4.93044 4.93135 4.96487 5.01409 5.06203 5.13513 5.17481 -9999 -9999 -9999 -9999 -9999 -9999 -9999 -9999 -9999 -9999 -9999 -9999 -9999 -9999 -9999 -9999
-9999 -9999 -9999 -9999 -9999 -9999 -9999 -9999 -9999 -9999 -9999 -9999 -9999 -9999 -9999 -9999 -9999 -9999 -9999 -9999 -9999 -9999 -9999 -9999 -9999 -9999 -9999 -9999 6.61466 6.29577 5.94073 5.68962 5.57066 5.44034 5.31255 5.27953 5.31814 5.3562 5.39283 5.41614 5.42672 5.43398 5.4453 5.46692 5.52495 5.65673 5.7413 5.72777 5.61948 5.44166 5.24048 5.04016 4.94917 4.89043 4.86812 4.85953 4.86959 4.90181 4.90081 4.9439 4.98843 5.05222 5.11171 5.1437 -9999 -9999 -9999 -9999 -9999 -9999 -9999 -9999 -9999 -9999 -9999 -9999 -9999 -9999 -9999 -9999
-9999 -9999 -9999 -9999 -9999 -9999 -9999 -9999 -9999 -9999 -9999 -9999 -9999 -9999 -9999 -9999 -9999 -9999 -9999 -9999 -9999 -9999 -9999 -9999 -9999 -9999 -9999 6.69229 6.47466 6.17215 5.86822 5.61617 5.43775 5.28159 5.14706 5.1177 5.17156 5.22046 5.26309 5.31488 5.34586 5.36304 5.37664 5.40041 5.46292 5.59465 5.69422 5.68306 5.54815 5.37081 5.17679 5.00834 4.90383 4.84567 4.81432 4.83128 4.84747 4.88963 4.88632 4.92472 4.9689 5.03759 5.06822 -9999 -9999 -9999 -9999 -9999 -9999 -9999 -9999 -9999 -9999 -9999 -9999 -9999 -9999 -9999 -9999 -9999
-9999 -9999 -9999 -9999 -9999 -9999 -9999 -9999 -9999 -9999 -9999 -9999 -9999 -9999 -9999 -9999 -9999 -9999 -9999 -9999 -9999 -9999 -9999 -9999 -9999 -9999 -9999 6.5986 6.36589 6.08122 5.79517 5.55558 5.36193 5.21035 5.09887 5.0763 5.10313 5.14617 5.19495 5.24627 5.28346 5.31999 5.35087 5.37624 5.45224 5.57007 5.67973 5.66362 5.49133 5.30696 5.12034 4.95954 4.85795 4.81108 4.78455 4.80608 4.82716 4.86113 4.85349 4.89026 4.93281 4.98023 5.00331 -9999 -9999 -9999 -9999 -9999 -9999 -9999 -9999 -9999 -9999 -9999 -9999 -9999 -9999 -9999 -9999 -9999
-9999 -9999 -9999 -9999 -9999 -9999 -9999 -9999 -9999 -9999 -9999 -9999 -9999 -9999 -9999 -9999 -9999 -9999 -9999 -9999 -9999 -9999 -9999 -9999 -9999 -9999 -9999 6.53815 6.29398 6.01219 5.72897 5.48329 5.28893 5.17492 5.08118 5.06431 5.07232 5.10446 5.16097 5.21324 5.25509 5.30302 5.34834 5.38642 5.45608 5.55005 5.60305 5.55685 5.41022 5.23482 5.06548 4.90796 4.81698 4.78535 4.77028 4.76929 4.76699 4.84321 4.88517 4.8916 4.91749 4.9962 -9999 -9999 -9999 -9999 -9999 -9999 -9999 -9999 -9999 -9999 -9999 -9999 -9999 -9999 -9999 -9999 -9999 -9999
-9999 -9999 -9999 -9999 -9999 -9999 -9999 -9999 -9999 -9999 -9999 -9999 -9999 -9999 -9999 -9999 -9999 -9999 -9999 -9999 -9999 -9999 -9999 -9999 -9999 -9999 -9999 6.51536 6.23614 5.93838 5.65641 5.42144 5.2468 5.13375 5.0694 5.03029 5.05509 5.08819 5.13175 5.19401 5.25362 5.30829 5.36513 5.42458 5.48913 5.54444 5.54916 5.46794 5.32633 5.16774 5.02352 4.90045 4.81882 4.77778 4.75804 4.75968 4.80426 4.84744 4.8543 4.86522 4.93039 -9999 -9999 -9999 -9999 -9999 -9999 -9999 -9999 -9999 -9999 -9999 -9999 -9999 -9999 -9999 -9999 -9999 -9999 -9999
-9999 -9999 -9999 -9999 -9999 -9999 -9999 -9999 -9999 -9999 -9999 -9999 -9999 -9999 -9999 -9999 -9999 -9999 -9999 -9999 -9999 -9999 -9999 -9999 -9999 -9999 6.60223 6.43185 6.16215 5.86382 5.57728 5.34536 5.20361 5.09544 5.05973 5.02422 5.05096 5.07786 5.12171 5.1806 5.25703 5.32242 5.39229 5.46691 5.52325 5.55963 5.54024 5.42176 5.25041 5.10405 4.98905 4.89812 4.82938 4.78766 4.76619 4.76474 4.82074 4.81799 4.872 4.88417 4.93525 -9999 -9999 -9999 -9999 -9999 -9999 -9999 -9999 -9999 -9999 -9999 -9999 -9999 -9999 -9999 -9999 -9999 -9999 -9999
-9999 -9999 -9999 -9999 -9999 -9999 -9999 -9999 -9999 -9999 -9999 -9999 -9999 -9999 -9999 -9999 -9999 -9999 -9999 -9999 -9999 -9999 -9999 -9999 -9999 -9999 6.53275 6.34631 6.08646 5.80378 5.53503 5.3194 5.18486 5.08592 5.0155 5.02482 5.02483 5.07853 5.12592 5.19729 5.2581 5.33315 5.41976 5.50002 5.56794 5.58707 5.55736 5.3959 5.17063 5.05809 4.97048 4.8956 4.83592 4.80253 4.77905 4.75907 4.84177 4.84319 4.88459 4.90291 -9999 -9999 -9999 -9999 -9999 -9999 -9999 -9999 -9999 -9999 -9999 -9999 -9999 -9999 -9999 -9999 -9999 -9999 -9999 -9999
-9999 -9999 -9999 -9999 -9999 -9999 -9999 -9999 -9999 -9999 -9999 -9999 -9999 -9999 -9999 -9999 -9999 -9999 -9999 -9999 -9999 -9999 -9999 -9999 -9999 -9999 6.46675 6.27923 6.00105 5.72815 5.51415 5.31299 5.17219 5.07501 5.01711 4.98222 5.02495 5.07443 5.12929 5.18243 5.25405 5.33713 5.43614 5.53543 5.60572 5.60792 5.52786 5.37191 5.19113 5.05314 4.96106 4.8912 4.83788 4.8142 4.79164 4.76803 4.8301 4.8655 4.91019 4.9411 -9999 -9999 -9999 -9999 -9999 -9999 -9999 -9999 -9999 -9999 -9999 -9999 -9999 -9999 -9999 -9999 -9999 -9999 -9999 -9999
-9999 -9999 -9999 -9999 -9999 -9999 -9999 -9999 -9999 -9999 -9999 -9999 -9999 -9999 -9999 -9999 -9999 -9999 -9999 -9999 -9999 -9999 -9999 -9999 -9999 -9999 6.3567 6.15944 5.86297 5.63497 5.44858 5.31134 5.21612 5.08703 5.02472 5.04099 5.03211 5.0875 5.14355 5.21282 5.25833 5.3268 5.43671 5.54918 5.65099 5.63644 5.50584 5.34989 5.18992 5.05708 4.95433 4.88373 4.84074 4.81822 4.79371 4.7983 4.80849 4.90497 4.9505 -9999 -9999 -9999 -9999 -9999 -9999 -9999 -9999 -9999 -9999 -9999 -9999 -9999 -9999 -9999 -9999 -9999 -9999 -9999 -9999 -9999
-9999 -9999 -9999 -9999 -9999 -9999 -9999 -9999 -9999 -9999 -9999 -9999 -9999 -9999 -9999 -9999 -9999 -9999 -9999 -9999 -9999 -9999 -9999 -9999 -9999 6.39147 6.18925 5.91589 5.67009 5.54298 5.41251 5.28903 5.2026 5.11467 5.05655 5.0241 5.04062 5.0497 5.14505 5.18748 5.24231 5.30786 5.39773 5.50348 5.62273 5.60762 5.45454 5.30095 5.16281 5.03896 4.93999 4.87286 4.83563 4.80783 4.78814 4.7959 4.7992 4.93377 4.95953 -9999 -9999 -9999 -9999 -9999 -9999 -9999 -9999 -9999 -9999 -9999 -9999 -9999 -9999 -9999 -9999 -9999 -9999 -9999 -9999 -9999
-9999 -9999 -9999 -9999 -9999 -9999 -9999 -9999 -9999 -9999 -9999 -9999 -9999 -9999 -9999 -9999 -9999 -9999 -9999 -9999 -9999 -9999 -9999 -9999 -9999 6.31022 6.06395 5.79072 5.58459 5.48083 5.37077 5.26278 5.1864 5.10891 5.05486 5.04191 5.03159 5.02452 5.06334 5.14141 5.20947 5.26594 5.32678 5.39234 5.45645 5.44251 5.34992 5.22731 5.10611 4.99996 4.91296 4.8521 4.82601 4.81249 4.81126 4.83381 4.83285 4.8476 -9999 -9999 -9999 -9999 -9999 -9999 -9999 -9999 -9999 -9999 -9999 -9999 -9999 -9999 -9999 -9999 -9999 -9999 -9999 -9999 -9999 -9999
-9999 -9999 -9999 -9999 -9999 -9999 -9999 -9999 -9999 -9999 -9999 -9999 -9999 -9999 -9999 -9999 -9999 -9999 -9999 -9999 -9999 -9999 -9999 -9999 6.41738 6.25407 5.95364 5.73604 5.59135 5.47936 5.36959 5.26932 5.17352 5.09593 5.05036 5.02643 5.01647 5.02331 5.04453 5.08383 5.16677 5.19616 5.23361 5.27634 5.29184 5.2855 5.22657 5.14039 5.0466 4.95645 4.87747 4.82702 4.83142 4.81655 4.83305 4.8593 4.82616 4.89598 -9999 -9999 -9999 -9999 -9999 -9999 -9999 -9999 -9999 -9999 -9999 -9999 -9999 -9999 -9999 -9999 -9999 -9999 -9999 -9999 -9999 -9999
-9999 -9999 -9999 -9999 -9999 -9999 -9999 -9999 -9999 -9999 -9999 -9999 -9999 -9999 -9999 -9999 -9999 -9999 -9999 -9999 -9999 -9999 -9999 -9999 6.28917 6.02513 5.77009 5.64631 5.58819 5.49635 5.36747 5.25126 5.15901 5.07842 5.02121 4.99337 5.00727 4.99295 5.0245 5.05344 5.08896 5.1284 5.14983 5.16278 5.16102 5.15308 5.11686 5.05569 4.98249 4.92212 4.85824 4.81035 4.82025 4.83587 4.84219 4.86737 4.88516 -9999 -9999 -9999 -9999 -9999 -9999 -9999 -9999 -9999 -9999 -9999 -9999 -9999 -9999 -9999 -9999 -9999 -9999 -9999 -9999 -9999 -9999 -9999
-9999 -9999 -9999 -9999 -9999 -9999 -9999 -9999 -9999 -9999 -9999 -9999 -9999 -9999 -9999 -9999 -9999 -9999 -9999 -9999 -9999 -9999 -9999 6.45571 6.19354 5.83507 5.56748 5.56807 5.58373 5.51437 5.36421 5.24234 5.15046 5.06742 5.01636 4.99837 4.98623 4.98338 4.99324 5.01373 5.0218 5.03549 5.05437 5.0459 5.03935 5.02707 5.00966 4.97033 4.92231 4.88718 4.84871 4.84507 4.84456 4.86903 4.89158 4.92029 4.89741 -9999 -9999 -9999 -9999 -9999 -9999 -9999 -9999 -9999 -9999 -9999 -9999 -9999 -9999 -9999 -9999 -9999 -9999 -9999 -9999 -9999 -9999 -9999
-9999 -9999 -9999 -9999 -9999 -9999 -9999 -9999 -9999 -9999 -9999 -9999 -9999 -9999 -9999 -9999 -9999 -9999 -9999 -9999 -9999 -9999 6.64262 6.48941 6.18167 5.85321 5.61963 5.53743 5.50908 5.44506 5.33021 5.2141 5.11853 5.06095 5.01114 4.99571 4.97613 4.97817 4.96531 4.97689 4.96731 4.97677 4.96751 4.95564 4.94462 4.94451 4.92843 4.90565 4.87537 4.84368 4.85662 4.85531 4.87052 4.84685 4.91491 4.93774 -9999 -9999 -9999 -9999 -9999 -9999 -9999 -9999 -9999 -9999 -9999 -9999 -9999 -9999 -9999 -9999 -9999 -9999 -9999 -9999 -9999 -9999 -9999 -9999
-9999 -9999 -9999 -9999 -9999 -9999 -9999 -9999 -9999 -9999 -9999 -9999 -9999 -9999 -9999 -9999 -9999 -9999 -9999 -9999 -9999 6.70853 6.63476 6.47571 6.20736 5.91297 5.67054 5.54897 5.48536 5.39346 5.28608 5.18741 5.09974 5.02942 5.00438 4.98548 4.97053 4.96038 4.94986 4.94774 4.94086 4.9243 4.92124 4.9086 4.89633 4.88932 4.87807 4.86763 4.82508 4.80031 4.85077 4.86682 4.88063 4.89474 4.89417 4.89598 -9999 -9999 -9999 -9999 -9999 -9999 -9999 -9999 -9999 -9999 -9999 -9999 -9999 -9999 -9999 -9999 -9999 -9999 -9999 -9999 -9999 -9999 -9999 -9999
-9999 -9999 -9999 -9999 -9999 -9999 -9999 -9999 -9999 -9999 -9999 -9999 -9999 -9999 -9999 -9999 -9999 -9999 -9999 -9999 6.7576 6.68625 6.59614 6.44715 6.23771 5.99555 5.73299 5.59808 5.51419 5.39838 5.27797 5.15507 5.05438 4.99398 4.98147 4.97817 4.97048 4.95352 4.93939 4.92841 4.91949 4.90123 4.89535 4.88205 4.86589 4.85199 4.84172 4.82887 4.82484 4.77848 4.7847 4.7881 4.88238 4.81167 4.78989 -9999 -9999 -9999 -9999 -9999 -9999 -9999 -9999 -9999 -9999 -9999 -9999 -9999 -9999 -9999 -9999 -9999 -9999 -9999 -9999 -9999 -9999 -9999 -9999 -9999
-9999 -9999 -9999 -9999 -9999 -9999 -9999 -9999 -9999 -9999 -9999 -9999 -9999 -9999 -9999 -9999 -9999 -9999 -9999 6.80379 6.73526 6.66257 6.57812 6.46098 6.3012 6.11202 5.92278 5.75029 5.59773 5.43655 5.27507 5.12696 5.00606 4.94005 4.96246 4.9912 4.97523 4.94679 4.93045 4.91924 4.91606 4.90885 4.88683 4.87511 4.84757 4.83226 4.81556 4.78858 4.81403 4.77334 4.80027 4.8162 4.83595 4.85396 4.82125 -9999 -9999 -9999 -9999 -9999 -9999 -9999 -9999 -9999 -9999 -9999 -9999 -9999 -9999 -9999 -9999 -9999 -9999 -9999 -9999 -9999 -9999 -9999 -9999 -9999
-9999 -9999 -9999 -9999 -9999 -9999 -9999 -9999 -9999 -9999 -9999 -9999 -9999 -9999 -9999 -9999 -9999 -9999 6.85097 6.78122 6.71101 6.64984 6.58425 6.50277 6.40347 6.27734 6.12452 5.93151 5.72454 5.49868 5.28485 5.1136 4.98963 4.93043 4.95136 4.98159 4.96979 4.9471 4.92869 4.9251 4.92439 4.91942 4.89942 4.8707 4.84492 4.82027 4.78977 4.7698 4.77575 4.78759 4.77033 4.76505 4.77437 4.84576 -9999 -9999 -9999 -9999 -9999 -9999 -9999 -9999 -9999 -9999 -9999 -9999 -9999 -9999 -9999 -9999 -9999 -9999 -9999 -9999 -9999 -9999 -9999 -9999 -9999 -9999
-9999 -9999 -9999 -9999 -9999 -9999 -9999 -9999 -9999 -9999 -9999 -9999 -9999 -9999 -9999 -9999 -9999 -9999 6.84532 6.76128 6.67909 6.63819 6.59134 6.54266 6.49494 6.43635 6.33817 6.13745 5.85711 5.56667 5.30026 5.08753 4.98006 4.937 4.93302 4.95367 4.95703 4.94312 4.92499 4.91389 4.91796 4.92619 4.90077 4.86366 4.83854 4.81246 4.78369 4.76297 4.76137 4.78649 4.81341 4.88321 4.82769 4.75397 -9999 -9999 -9999 -9999 -9999 -9999 -9999 -9999 -9999 -9999 -9999 -9999 -9999 -9999 -9999 -9999 -9999 -9999 -9999 -9999 -9999 -9999 -9999 -9999 -9999 -9999
-9999 -9999 -9999 -9999 -9999 -9999 -9999 -9999 -9999 -9999 -9999 -9999 -9999 -9999 -9999 -9999 -9999 6.91982 6.83783 6.74977 6.6672 6.61089 6.56936 6.55666 6.54231 6.54952 6.55707 6.30686 5.94464 5.61739 5.31504 5.07317 4.99014 4.94847 4.93624 4.94948 4.95334 4.94167 4.93181 4.91559 4.90647 4.89272 4.879 4.86082 4.84106 4.8152 4.78875 4.7713 4.77488 4.80447 4.85314 4.88867 4.82451 -9999 -9999 -9999 -9999 -9999 -9999 -9999 -9999 -9999 -9999 -9999 -9999 -9999 -9999 -9999 -9999 -9999 -9999 -9999 -9999 -9999 -9999 -9999 -9999 -9999 -9999 -9999
-9999 -9999 -9999 -9999 -9999 -9999 -9999 -9999 -9999 -9999 -9999 -9999 -9999 -9999 -9999 -9999 -9999 6.92385 6.83401 6.74106 6.65093 6.58633 6.54563 6.51897 6.4998 6.53456 6.52329 6.29327 5.95305 5.63187 5.36002 5.15017 5.03477 4.98756 4.97229 4.97072 4.96988 4.96706 4.94637 4.90071 4.89232 4.88894 4.88062 4.86389 4.84555 4.81385 4.79373 4.79774 4.81285 4.85146 4.89248 4.9422 4.85377 -9999 -9999 -9999 -9999 -9999 -9999 -9999 -9999 -9999 -9999 -9999 -9999 -9999 -9999 -9999 -9999 -9999 -9999 -9999 -9999 -9999 -9999 -9999 -9999 -9999 -9999 -9999
-9999 -9999 -9999 -9999 -9999 -9999 -9999 -9999 -9999 -9999 -9999 -9999 -9999 -9999 -9999 -9999 -9999 6.92313 6.81287 6.7054 6.61299 6.52381 6.46701 6.43347 6.4101 6.4037 6.32055 6.13676 5.87299 5.60244 5.36874 5.18749 5.06941 5.01871 5.01582 5.01944 5.00272 4.99192 4.96967 4.92935 4.91852 4.91584 4.90512 4.8848 4.86536 4.85106 4.81219 4.80965 4.85035 4.89009 4.93767 4.98237 -9999 -9999 -9999 -9999 -9999 -9999 -9999 -9999 -9999 -9999 -9999 -9999 -9999 -9999 -9999 -9999 -9999 -9999 -9999 -9999 -9999 -9999 -9999 -9999 -9999 -9999 -9999 -9999
-9999 -9999 -9999 -9999 -9999 -9999 -9999 -9999 -9999 -9999 -9999 -9999 -9999 -9999 -9999 -9999 7.01646 6.90325 6.76313 6.64497 6.52586 6.44246 6.35679 6.30758 6.26212 6.24194 6.1278 5.97405 5.76369 5.54131 5.32695 5.17708 5.07643 5.05435 5.06768 5.10171 5.09387 5.07803 5.04959 5.01189 4.98308 4.9615 4.94195 4.92064 4.90259 4.85994 4.84413 4.84425 4.86945 4.93385 4.94924 4.9969 -9999 -9999 -9999 -9999 -9999 -9999 -9999 -9999 -9999 -9999 -9999 -9999 -9999 -9999 -9999 -9999 -9999 -9999 -9999 -9999 -9999 -9999 -9999 -9999 -9999 -9999 -9999 -9999
-9999 -9999 -9999 -9999 -9999 -9999 -9999 -9999 -9999 -9999 -9999 -9999 -9999 -9999 7.08778 7.0297 6.95156 6.82618 6.67282 6.54641 6.4142 6.31295 6.23346 6.1678 6.11407 6.05858 5.96609 5.84076 5.66776 5.47831 5.29811 5.14435 5.06483 5.09415 5.15937 5.18695 5.20501 5.19959 5.15817 5.11215 5.06529 5.02892 4.999 4.98719 4.9306 4.90367 4.88337 4.89274 4.92886 4.97748 5.01262 -9999 -9999 -9999 -9999 -9999 -9999 -9999 -9999 -9999 -9999 -9999 -9999 -9999 -9999 -9999 -9999 -9999 -9999 -9999 -9999 -9999 -9999 -9999 -9999 -9999 -9999 -9999 -9999 -9999
-9999 -9999 -9999 -9999 -9999 -9999 -9999 -9999 -9999 -9999 -9999 -9999 7.02348 7.07337 7.07224 6.9448 6.83056 6.71184 6.56239 6.42321 6.28109 6.16578 6.07006 6.00208 5.93717 5.88333 5.80066 5.69597 5.57392 5.42127 5.26634 5.11773 5.02752 5.15732 5.28616 5.35225 5.3693 5.3421 5.28793 5.21689 5.15502 5.1046 5.06934 5.03193 5.00146 4.96706 4.95792 4.97267 5.01801 5.06782 5.11601 -9999 -9999 -9999 -9999 -9999 -9999 -9999 -9999 -9999 -9999 -9999 -9999 -9999 -9999 -9999 -9999 -9999 -9999 -9999 -9999 -9999 -9999 -9999 -9999 -9999 -9999 -9999 -9999 -9999
-9999 -9999 -9999 -9999 -9999 -9999 -9999 -9999 -9999 -9999 -9999 6.93961 6.97827 6.98102 6.92124 6.75581 6.68939 6.61075 6.47528 6.30423 6.13927 5.99517 5.90492 5.8307 5.77945 5.72572 5.66666 5.60394 5.49813 5.38634 5.27905 5.19533 5.18593 5.29979 5.45545 5.54973 5.56951 5.51385 5.42212 5.32363 5.23957 5.18221 5.13392 5.10611 5.06149 5.03625 5.05301 5.07455 5.11383 5.15441 5.18072 -9999 -9999 -9999 -9999 -9999 -9999 -9999 -9999 -9999 -9999 -9999 -9999 -9999 -9999 -9999 -9999 -9999 -9999 -9999 -9999 -9999 -9999 -9999 -9999 -9999 -9999 -9999 -9999 -9999
-9999 -9999 -9999 -9999 -9999 -9999 -9999 -9999 -9999 -9999 6.89115 6.8975 6.91973 6.8766 6.75492 6.5785 6.59061 6.51826 6.3803 6.17592 5.97642 5.81575 5.70215 5.64704 5.61589 5.60596 5.5659 5.50944 5.45247 5.39002 5.33038 5.31845 5.34048 5.46729 5.63152 5.77445 5.81102 5.70603 5.55595 5.41306 5.31568 5.24545 5.20446 5.18011 5.14807 5.14275 5.14103 5.17464 5.20632 5.25812 5.25954 -9999 -9999 -9999 -9999 -9999 -9999 -9999 -9999 -9999 -9999 -9999 -9999 -9999 -9999 -9999 -9999 -9999 -9999 -9999 -9999 -9999 -9999 -9999 -9999 -9999 -9999 -9999 -9999 -9999
-9999 -9999 -9999 -9999 -9999 -9999 -9999 -9999 -9999 -9999 6.81074 6.85385 6.87392 6.7999 6.67383 6.56875 6.50712 6.41272 6.23886 6.01739 5.79505 5.61028 5.48552 5.46832 5.48815 5.49081 5.48446 5.4542 5.41223 5.37387 5.37744 5.40685 5.45515 5.59266 5.78582 5.99593 6.09195 5.8801 5.65074 5.47235 5.37474 5.31805 5.27409 5.24911 5.2521 5.25836 5.27643 5.31161 5.33783 5.36943 -9999 -9999 -9999 -9999 -9999 -9999 -9999 -9999 -9999 -9999 -9999 -9999 -9999 -9999 -9999 -9999 -9999 -9999 -9999 -9999 -9999 -9999 -9999 -9999 -9999 -9999 -9999 -9999 -9999 -9999
-9999 -9999 -9999 -9999 -9999 -9999 -9999 -9999 -9999 6.68551 6.73247 6.77949 6.8239 6.69883 6.58038 6.52051 6.45113 6.33973 6.11403 5.85169 5.633 5.4505 5.33499 5.34209 5.36691 5.39432 5.41079 5.39313 5.37738 5.37562 5.38687 5.41013 5.51577 5.64891 5.84009 6.04352 6.1319 5.92931 5.68771 5.47213 5.43991 5.4205 5.37474 5.36059 5.37362 5.3912 5.40655 5.44319 5.46539 5.48908 -9999 -9999 -9999 -9999 -9999 -9999 -9999 -9999 -9999 -9999 -9999 -9999 -9999 -9999 -9999 -9999 -9999 -9999 -9999 -9999 -9999 -9999 -9999 -9999 -9999 -9999 -9999 -9999 -9999 -9999
-9999 -9999 -9999 -9999 -9999 -9999 -9999 -9999 6.62082 6.58791 6.61745 6.64231 6.62746 6.49499 6.46596 6.4698 6.39317 6.2545 5.9753 5.66708 5.48632 5.36161 5.29511 5.28371 5.30018 5.32833 5.34243 5.34859 5.35478 5.36238 5.35633 5.41992 5.50117 5.62916 5.78631 5.92101 5.96421 5.87267 5.71994 5.58383 5.55301 5.54019 5.53454 5.50679 5.5222 5.53581 5.56373 5.60566 5.61452 5.611 -9999 -9999 -9999 -9999 -9999 -9999 -9999 -9999 -9999 -9999 -9999 -9999 -9999 -9999 -9999 -9999 -9999 -9999 -9999 -9999 -9999 -9999 -9999 -9999 -9999 -9999 -9999 -9999 -9999 -9999
-9999 -9999 -9999 -9999 -9999 -9999 -9999 6.5423 6.5274 6.50921 6.4925 6.49985 6.48001 6.42819 6.41681 6.41004 6.33785 6.16718 5.86367 5.51663 5.39392 5.31299 5.2561 5.24117 5.25274 5.27386 5.28917 5.30709 5.3173 5.34614 5.34041 5.39947 5.47571 5.57477 5.68632 5.78521 5.83184 5.81577 5.75914 5.70622 5.69042 5.68516 5.69591 5.69727 5.70574 5.72076 5.72824 5.78312 5.78136 5.64307 5.61807 -9999 -9999 -9999 -9999 -9999 -9999 -9999 -9999 -9999 -9999 -9999 -9999 -9999 -9999 -9999 -9999 -9999 -9999 -9999 -9999 -9999 -9999 -9999 -9999 -9999 -9999 -9999 -9999 -9999
-9999 -9999 -9999 -9999 -9999 -9999 -9999 6.47237 6.44289 6.40393 6.37485 6.38667 6.38192 6.36905 6.35928 6.34677 6.30262 6.1627 5.83348 5.54513 5.37443 5.27349 5.23287 5.21811 5.22307 5.23243 5.2428 5.26245 5.28764 5.312 5.2959 5.34676 5.42339 5.49382 5.57452 5.66463 5.73373 5.77144 5.78918 5.80305 5.8112 5.84359 5.86576 5.8615 5.87334 5.87557 5.91152 5.93642 5.92087 5.79669 5.7592 -9999 -9999 -9999 -9999 -9999 -9999 -9999 -9999 -9999 -9999 -9999 -9999 -9999 -9999 -9999 -9999 -9999 -9999 -9999 -9999 -9999 -9999 -9999 -9999 -9999 -9999 -9999 -9999 -9999
-9999 -9999 -9999 -9999 -9999 -9999 6.45525 6.40999 6.37516 6.33427 6.30782 6.30217 6.30023 6.30021 6.29261 6.26706 6.20862 6.05869 5.7361 5.50895 5.36533 5.27551 5.21259 5.18989 5.18972 5.20601 5.21433 5.22535 5.24452 5.24379 5.26155 5.29671 5.33709 5.39069 5.46327 5.55795 5.65893 5.74206 5.81188 5.88831 5.95537 5.97537 6.01581 6.02237 6.0369 6.0662 6.07047 6.09674 5.9647 5.92059 5.8717 -9999 -9999 -9999 -9999 -9999 -9999 -9999 -9999 -9999 -9999 -9999 -9999 -9999 -9999 -9999 -9999 -9999 -9999 -9999 -9999 -9999 -9999 -9999 -9999 -9999 -9999 -9999 -9999 -9999
-9999 -9999 -9999 -9999 -9999 6.38433 6.37736 6.35897 6.31761 6.27712 6.24234 6.22516 6.22234 6.2325 6.22369 6.18373 6.06791 5.80254 5.5608 5.44254 5.34276 5.26303 5.20037 5.1765 5.17606 5.18161 5.19154 5.201 5.18809 5.21733 5.24641 5.25827 5.27749 5.29098 5.33762 5.46248 5.60743 5.74566 5.85663 5.95718 6.04468 6.09401 6.10453 6.15798 6.21064 6.21259 6.21594 6.20167 6.06803 5.98824 5.92703 -9999 -9999 -9999 -9999 -9999 -9999 -9999 -9999 -9999 -9999 -9999 -9999 -9999 -9999 -9999 -9999 -9999 -9999 -9999 -9999 -9999 -9999 -9999 -9999 -9999 -9999 -9999 -9999 -9999
-9999 -9999 -9999 -9999 6.35153 6.34839 6.32965 6.3094 6.26519 6.2184 6.17621 6.14432 6.14378 6.16037 6.16574 6.14242 6.03998 5.79112 5.56438 5.43412 5.33313 5.25134 5.19619 5.16218 5.15446 5.16186 5.16375 5.18074 5.18209 5.20449 5.23151 5.2422 5.24623 5.23976 5.22393 5.41605 5.60742 5.79091 5.94236 6.08479 6.1662 6.24612 6.26476 6.33394 6.37814 6.37776 6.35417 6.23067 6.16838 6.10042 6.02786 5.94635 -9999 -9999 -9999 -9999 -9999 -9999 -9999 -9999 -9999 -9999 -9999 -9999 -9999 -9999 -9999 -9999 -9999 -9999 -9999 -9999 -9999 -9999 -9999 -9999 -9999 -9999 -9999 -9999
-9999 -9999 -9999 6.33356 6.33597 6.32283 6.28661 6.25225 6.20508 6.15472 6.11002 6.07722 6.07938 6.10134 6.11321 6.10787 6.05201 5.80473 5.58625 5.4268 5.32538 5.25388 5.19214 5.16574 5.15086 5.15626 5.14793 5.15821 5.17272 5.20163 5.2273 5.23661 5.24277 5.26415 5.31917 5.45806 5.64488 5.83958 6.01605 6.17421 6.32312 6.43614 6.47796 6.55264 6.55901 6.54185 6.429 6.36171 6.28594 6.20466 6.12916 6.02752 -9999 -9999 -9999 -9999 -9999 -9999 -9999 -9999 -9999 -9999 -9999 -9999 -9999 -9999 -9999 -9999 -9999 -9999 -9999 -9999 -9999 -9999 -9999 -9999 -9999 -9999 -9999 -9999
-9999 -9999 -9999 6.31373 6.31368 6.29422 6.25398 6.20009 6.14318 6.08951 6.04853 6.03079 6.03169 6.04768 6.05488 6.02798 5.9254 5.75302 5.57838 5.42128 5.30675 5.23006 5.18112 5.16054 5.1331 5.12598 5.14051 5.13558 5.16621 5.19508 5.25105 5.2582 5.27903 5.32721 5.40821 5.53691 5.71666 5.90829 6.09454 6.29095 6.43467 6.57137 6.64106 6.72085 6.74463 6.64771 6.58079 6.48531 6.39299 6.30138 6.20346 -9999 -9999 -9999 -9999 -9999 -9999 -9999 -9999 -9999 -9999 -9999 -9999 -9999 -9999 -9999 -9999 -9999 -9999 -9999 -9999 -9999 -9999 -9999 -9999 -9999 -9999 -9999 -9999 -9999
-9999 -9999 6.26901 6.29421 6.29563 6.27237 6.21308 6.15049 6.08476 6.02529 5.98657 5.97503 5.98381 6.00156 6.00849 5.97941 5.87248 5.72303 5.57449 5.41108 5.28771 5.22269 5.17724 5.1565 5.12743 5.11512 5.12383 5.1199 5.14879 5.19308 5.23293 5.27623 5.32073 5.39171 5.48893 5.62733 5.79627 5.98432 6.19038 6.37204 6.55347 6.6984 6.79122 6.89066 6.87216 6.81406 6.70104 6.58647 6.47804 6.377 -9999 -9999 -9999 -9999 -9999 -9999 -9999 -9999 -9999 -9999 -9999 -9999 -9999 -9999 -9999 -9999 -9999 -9999 -9999 -9999 -9999 -9999 -9999 -9999 -9999 -9999 -9999 -9999 -9999 -9999
-9999 -9999 6.28577 6.26891 6.26317 6.23389 6.17536 6.10622 6.03214 5.95972 5.91895 5.91978 5.93669 5.95931 5.97571 5.96638 5.89181 5.76721 5.60642 5.43569 5.30046 5.23393 5.18518 5.15918 5.1245 5.10584 5.10234 5.1042 5.13172 5.17729 5.23019 5.28775 5.35699 5.44793 5.56057 5.70636 5.87355 6.06082 6.23799 6.44562 6.63222 6.79152 6.91196 7.03452 7.03365 6.92717 6.80257 6.65664 6.53691 6.42903 -9999 -9999 -9999 -9999 -9999 -9999 -9999 -9999 -9999 -9999 -9999 -9999 -9999 -9999 -9999 -9999 -9999 -9999 -9999 -9999 -9999 -9999 -9999 -9999 -9999 -9999 -9999 -9999 -9999 -9999
-9999 -9999 6.24205 6.23919 6.2191 6.18692 6.13562 6.06988 5.99449 5.91381 5.86827 5.8741 5.89404 5.92146 5.94698 5.95742 5.93237 5.83062 5.65753 5.47895 5.34821 5.26085 5.20304 5.15998 5.11355 5.09889 5.09686 5.08918 5.11195 5.15785 5.21881 5.28872 5.3738 5.47695 5.60002 5.73406 5.93317 6.12711 6.29366 6.49205 6.6694 6.80031 6.92088 7.10695 7.08827 6.97215 6.84471 6.69671 6.57287 6.45359 -9999 -9999 -9999 -9999 -9999 -9999 -9999 -9999 -9999 -9999 -9999 -9999 -9999 -9999 -9999 -9999 -9999 -9999 -9999 -9999 -9999 -9999 -9999 -9999 -9999 -9999 -9999 -9999 -9999 -9999
-9999 -9999 6.22703 6.21576 6.19005 6.15802 6.11117 6.05132 5.98342 5.91719 5.87235 5.85428 5.86211 5.88466 5.90917 5.93793 5.96883 5.89804 5.67423 5.49287 5.36574 5.27985 5.22129 5.17329 5.1208 5.09951 5.07776 5.07562 5.09436 5.14555 5.21132 5.29104 5.38878 5.50767 5.62069 5.76644 5.92944 6.07388 6.25181 6.44359 6.61029 6.73873 6.86172 6.97832 6.99948 6.94125 6.83493 6.71231 6.58318 6.46456 6.35945 -9999 -9999 -9999 -9999 -9999 -9999 -9999 -9999 -9999 -9999 -9999 -9999 -9999 -9999 -9999 -9999 -9999 -9999 -9999 -9999 -9999 -9999 -9999 -9999 -9999 -9999 -9999 -9999 -9999
-9999 -9999 6.21734 6.20115 6.17411 6.14388 6.10165 6.04856 5.98924 5.93174 5.88313 5.85522 5.84596 5.8482 5.85574 5.86946 5.86998 5.78819 5.60809 5.44577 5.34182 5.27866 5.24247 5.19597 5.13485 5.10468 5.07273 5.06425 5.07434 5.13347 5.21012 5.2994 5.41662 5.52012 5.66827 5.78353 5.94462 6.11731 6.2497 6.40103 6.56961 6.66806 6.75666 -9999 -9999 -9999 -9999 6.68016 6.5597 6.45455 6.35622 -9999 -9999 -9999 -9999 -9999 -9999 -9999 -9999 -9999 -9999 -9999 -9999 -9999 -9999 -9999 -9999 -9999 -9999 -9999 -9999 -9999 -9999 -9999 -9999 -9999 -9999 -9999 -9999 -9999
-9999 -9999 6.21371 6.19365 6.17451 6.14769 6.09081 6.04669 5.99602 5.94422 5.89322 5.85661 5.82766 5.80437 5.78745 5.76328 5.71968 5.62648 5.48688 5.35351 5.29436 5.27929 5.26376 5.21388 5.15737 5.07346 5.0746 5.0637 5.07656 5.12817 5.21105 5.31889 5.4323 5.52543 5.67235 5.82658 5.9441 6.10341 6.21767 6.36145 -9999 -9999 -9999 -9999 -9999 -9999 -9999 -9999 -9999 -9999 -9999 -9999 -9999 -9999 -9999 -9999 -9999 -9999 -9999 -9999 -9999 -9999 -9999 -9999 -9999 -9999 -9999 -9999 -9999 -9999 -9999 -9999 -9999 -9999 -9999 -9999 -9999 -9999 -9999 -9999
-9999 6.31759 6.22259 6.19859 6.18172 6.13148 6.10255 6.04189 6.00235 5.95695 5.90891 5.86035 5.81169 5.76472 5.71331 5.65739 5.59057 5.49793 5.37788 5.24044 5.24685 5.27561 5.31518 5.23712 5.16602 5.08544 5.07389 5.06923 5.09277 5.13892 5.21894 5.31191 5.41963 5.55622 5.66092 5.81963 5.97296 6.12067 6.18317 -9999 -9999 -9999 -9999 -9999 -9999 -9999 -9999 -9999 -9999 -9999 -9999 -9999 -9999 -9999 -9999 -9999 -9999 -9999 -9999 -9999 -9999 -9999 -9999 -9999 -9999 -9999 -9999 -9999 -9999 -9999 -9999 -9999 -9999 -9999 -9999 -9999 -9999 -9999 -9999 -9999
-9999 6.25366 6.23493 6.18131 6.17026 6.11542 6.09323 6.06699 6.03054 5.98499 5.93193 5.87221 5.805 5.73197 5.65091 5.56772 5.49294 5.41506 5.32854 5.2579 5.24174 5.26092 5.27097 5.23407 5.17348 5.09417 5.06845 5.07346 5.1051 5.14919 5.2221 5.31969 5.42695 5.56171 5.65581 5.80243 5.94474 6.04455 -9999 -9999 -9999 -9999 -9999 -9999 -9999 -9999 -9999 -9999 -9999 -9999 -9999 -9999 -9999 -9999 -9999 -9999 -9999 -9999 -9999 -9999 -9999 -9999 -9999 -9999 -9999 -9999 -9999 -9999 -9999 -9999 -9999 -9999 -9999 -9999 -9999 -9999 -9999 -9999 -9999 -9999
-9999 -9999 6.25133 6.23232 6.15898 6.14542 6.12697 6.10282 6.06904 6.02373 5.96684 5.89849 5.81346 5.72157 5.61506 5.4992 5.43173 5.3788 5.32126 5.27648 5.25456 5.25874 5.26267 5.23969 5.17452 5.11214 5.07456 5.0815 5.11589 5.17126 5.22852 5.31713 5.42061 5.54415 5.64617 5.78623 5.90538 -9999 -9999 -9999 -9999 -9999 -9999 -9999 -9999 -9999 -9999 -9999 -9999 -9999 -9999 -9999 -9999 -9999 -9999 -9999 -9999 -9999 -9999 -9999 -9999 -9999 -9999 -9999 -9999 -9999 -9999 -9999 -9999 -9999 -9999 -9999 -9999 -9999 -9999 -9999 -9999 -9999 -9999 -9999
-9999 -9999 6.25994 6.25413 6.21408 6.17959 6.17121 6.15243 6.12022 6.07558 6.01717 5.93138 5.84504 5.74381 5.62853 5.50862 5.43796 5.39093 5.34905 5.31098 5.28199 5.28626 5.29916 5.28557 5.22347 5.16179 5.10505 5.11102 5.13163 5.18375 5.25311 5.3597 5.4301 5.54152 5.67026 5.78672 -9999 -9999 -9999 -9999 -9999 -9999 -9999 -9999 -9999 -9999 -9999 -9999 -9999 -9999 -9999 -9999 -9999 -9999 -9999 -9999 -9999 -9999 -9999 -9999 -9999 -9999 -9999 -9999 -9999 -9999 -9999 -9999 -9999 -9999 -9999 -9999 -9999 -9999 -9999 -9999 -9999 -9999 -9999 -9999
-9999 -9999 6.23146 6.22534 6.23252 6.24376 6.24398 6.20574 6.18152 6.14102 6.06235 5.98958 5.90095 5.79886 5.68864 5.58332 5.50326 5.44416 5.40403 5.37675 5.36154 5.37157 5.38763 5.37969 5.31689 5.26074 5.19324 5.16586 5.14911 5.19952 5.26718 5.36609 5.48522 5.59958 5.65239 -9999 -9999 -9999 -9999 -9999 -9999 -9999 -9999 -9999 -9999 -9999 -9999 -9999 -9999 -9999 -9999 -9999 -9999 -9999 -9999 -9999 -9999 -9999 -9999 -9999 -9999 -9999 -9999 -9999 -9999 -9999 -9999 -9999 -9999 -9999 -9999 -9999 -9999 -9999 -9999 -9999 -9999 -9999 -9999 -9999
-9999 -9999 6.26333 6.26812 6.21192 6.23576 6.28325 6.28817 6.24722 6.19097 6.13783 6.06541 5.97725 5.87799 5.77312 5.67191 5.58894 5.51843 5.48091 5.47017 5.48073 5.50421 5.52434 5.50046 5.45118 5.38161 5.30856 5.23906 5.18726 5.22629 5.29327 5.38589 5.46762 5.58467 -9999 -9999 -9999 -9999 -9999 -9999 -9999 -9999 -9999 -9999 -9999 -9999 -9999 -9999 -9999 -9999 -9999 -9999 -9999 -9999 -9999 -9999 -9999 -9999 -9999 -9999 -9999 -9999 -9999 -9999 -9999 -9999 -9999 -9999 -9999 -9999 -9999 -9999 -9999 -9999 -9999 -9999 -9999 -9999 -9999 -9999
-9999 -9999 -9999 6.36624 6.26966 6.28249 6.29774 6.31172 6.30957 6.27635 6.22749 6.15629 6.0689 5.97195 5.87115 5.7721 5.68654 5.60279 5.56413 5.57706 5.61498 5.65883 5.69159 5.67294 5.6149 5.5328 5.43541 5.34566 5.2581 5.28136 5.34653 5.42919 5.5041 5.60669 -9999 -9999 -9999 -9999 -9999 -9999 -9999 -9999 -9999 -9999 -9999 -9999 -9999 -9999 -9999 -9999 -9999 -9999 -9999 -9999 -9999 -9999 -9999 -9999 -9999 -9999 -9999 -9999 -9999 -9999 -9999 -9999 -9999 -9999 -9999 -9999 -9999 -9999 -9999 -9999 -9999 -9999 -9999 -9999 -9999 -9999
-9999 -9999 -9999 6.39721 6.37098 6.33139 6.35644 6.37868 6.38904 6.37743 6.33692 6.25205 6.17072 6.07696 5.98063 5.88237 5.78736 5.69965 5.64102 5.69407 5.75457 5.81346 5.85906 5.86991 5.79597 5.69934 5.58989 5.48666 5.41768 5.41753 5.47069 5.53883 5.61215 -9999 -9999 -9999 -9999 -9999 -9999 -9999 -9999 -9999 -9999 -9999 -9999 -9999 -9999 -9999 -9999 -9999 -9999 -9999 -9999 -9999 -9999 -9999 -9999 -9999 -9999 -9999 -9999 -9999 -9999 -9999 -9999 -9999 -9999 -9999 -9999 -9999 -9999 -9999 -9999 -9999 -9999 -9999 -9999 -9999 -9999 -9999
-9999 -9999 -9999 6.41487 6.39719 6.40885 6.39906 6.44216 6.47122 6.47909 6.43555 6.36049 6.27731 6.19063 6.09145 6.00449 5.91453 5.83903 5.80017 5.83395 5.8914 5.95243 6.01519 6.04807 5.95389 5.84671 5.73417 5.63532 5.58463 5.55388 5.57557 5.63031 -9999 -9999 -9999 -9999 -9999 -9999 -9999 -9999 -9999 -9999 -9999 -9999 -9999 -9999 -9999 -9999 -9999 -9999 -9999 -9999 -9999 -9999 -9999 -9999 -9999 -9999 -9999 -9999 -9999 -9999 -9999 -9999 -9999 -9999 -9999 -9999 -9999 -9999 -9999 -9999 -9999 -9999 -9999 -9999 -9999 -9999 -9999 -9999
-9999 -9999 -9999 -9999 6.3775 6.42486 6.46897 6.50999 6.52858 6.57318 6.51267 6.43473 6.35701 6.28082 6.20634 6.1334 6.06401 5.99609 5.97426 5.99107 6.02983 6.07591 6.1111 6.11558 6.06 5.97673 5.8821 5.77769 5.70992 5.67486 5.67461 -9999 -9999 -9999 -9999 -9999 -9999 -9999 -9999 -9999 -9999 -9999 -9999 -9999 -9999 -9999 -9999 -9999 -9999 -9999 -9999 -9999 -9999 -9999 -9999 -9999 -9999 -9999 -9999 -9999 -9999 -9999 -9999 -9999 -9999 -9999 -9999 -9999 -9999 -9999 -9999 -9999 -9999 -9999 -9999 -9999 -9999 -9999 -9999 -9999
-9999 -9999 -9999 -9999 -9999 6.43657 6.48211 6.5083 6.55123 6.57134 6.53289 6.47427 6.41937 6.36068 6.29705 6.24283 6.18877 6.14681 6.12395 6.13521 6.16333 6.18917 6.19509 6.18288 6.13967 6.07351 5.99306 5.90451 5.82028 5.79138 -9999 -9999 -9999 -9999 -9999 -9999 -9999 -9999 -9999 -9999 -9999 -9999 -9999 -9999 -9999 -9999 -9999 -9999 -9999 -9999 -9999 -9999 -9999 -9999 -9999 -9999 -9999 -9999 -9999 -9999 -9999 -9999 -9999 -9999 -9999 -9999 -9999 -9999 -9999 -9999 -9999 -9999 -9999 -9999 -9999 -9999 -9999 -9999 -9999 -9999
-9999 -9999 -9999 -9999 -9999 -9999 6.48289 6.50326 6.53848 6.55577 6.54714 6.51185 6.47053 6.42421 6.38556 6.3547 6.30581 6.27015 6.2565 6.26257 6.28188 6.29221 6.26828 6.23076 6.19718 6.13614 6.07553 6.00287 5.92716 -9999 -9999 -9999 -9999 -9999 -9999 -9999 -9999 -9999 -9999 -9999 -9999 -9999 -9999 -9999 -9999 -9999 -9999 -9999 -9999 -9999 -9999 -9999 -9999 -9999 -9999 -9999 -9999 -9999 -9999 -9999 -9999 -9999 -9999 -9999 -9999 -9999 -9999 -9999 -9999 -9999 -9999 -9999 -9999 -9999 -9999 -9999 -9999 -9999 -9999 -9999
-9999 -9999 -9999 -9999 -9999 -9999 -9999 -9999 6.5066 6.53691 6.53657 6.52242 6.49998 6.4678 6.4443 6.42062 6.39046 6.36603 6.35554 6.35996 6.37332 6.36417 6.32309 6.26666 6.21037 6.19159 6.12268 -9999 -9999 -9999 -9999 -9999 -9999 -9999 -9999 -9999 -9999 -9999 -9999 -9999 -9999 -9999 -9999 -9999 -9999 -9999 -9999 -9999 -9999 -9999 -9999 -9999 -9999 -9999 -9999 -9999 -9999 -9999 -9999 -9999 -9999 -9999 -9999 -9999 -9999 -9999 -9999 -9999 -9999 -9999 -9999 -9999 -9999 -9999 -9999 -9999 -9999 -9999 -9999 -9999
-9999 -9999 -9999 -9999 -9999 -9999 -9999 -9999 -9999 6.49527 6.50224 6.51097 6.51007 6.49446 6.4774 6.45163 6.43196 6.41525 6.40555 6.40043 6.39923 6.38573 6.34383 6.27819 6.22404 -9999 -9999 -9999 -9999 -9999 -9999 -9999 -9999 -9999 -9999 -9999 -9999 -9999 -9999 -9999 -9999 -9999 -9999 -9999 -9999 -9999 -9999 -9999 -9999 -9999 -9999 -9999 -9999 -9999 -9999 -9999 -9999 -9999 -9999 -9999 -9999 -9999 -9999 -9999 -9999 -9999 -9999 -9999 -9999 -9999 -9999 -9999 -9999 -9999 -9999 -9999 -9999 -9999 -9999 -9999
-9999 -9999 -9999 -9999 -9999 -9999 -9999 -9999 -9999 -9999 -9999 -9999 6.49603 6.48932 6.48014 6.46921 6.4507 6.4361 6.42834 6.42245 6.41399 -9999 -9999 -9999 -9999 -9999 -9999 -9999 -9999 -9999 -9999 -9999 -9999 -9999 -9999 -9999 -9999 -9999 -9999 -9999 -9999 -9999 -9999 -9999 -9999 -9999 -9999 -9999 -9999 -9999 -9999 -9999 -9999 -9999 -9999 -9999 -9999 -9999 -9999 -9999 -9999 -9999 -9999 -9999 -9999 -9999 -9999 -9999 -9999 -9999 -9999 -9999 -9999 -9999 -9999 -9999 -9999 -9999 -9999 -9999
-9999 -9999 -9999 -9999 -9999 -9999 -9999 -9999 -9999 -9999 -9999 -9999 -9999 -9999 -9999 -9999 -9999 -9999 -9999 -9999 -9999 -9999 -9999 -9999 -9999 -9999 -9999 -9999 -9999 -9999 -9999 -9999 -9999 -9999 -9999 -9999 -9999 -9999 -9999 -9999 -9999 -9999 -9999 -9999 -9999 -9999 -9999 -9999 -9999 -9999 -9999 -9999 -9999 -9999 -9999 -9999 -9999 -9999 -9999 -9999 -9999 -9999 -9999 -9999 -9999 -9999 -9999 -9999 -9999 -9999 -9999 -9999 -9999 -9999 -9999 -9999 -9999 -9999 -9999 -9999
-9999 -9999 -9999 -9999 -9999 -9999 -9999 -9999 -9999 -9999 -9999 -9999 -9999 -9999 -9999 -9999 -9999 -9999 -9999 -9999 -9999 -9999 -9999 -9999 -9999 -9999 -9999 -9999 -9999 -9999 -9999 -9999 -9999 -9999 -9999 -9999 -9999 -9999 -9999 -9999 -9999 -9999 -9999 -9999 -9999 -9999 -9999 -9999 -9999 -9999 -9999 -9999 -9999 -9999 -9999 -9999 -9999 -9999 -9999 -9999 -9999 -9999 -9999 -9999 -9999 -9999 -9999 -9999 -9999 -9999 -9999 -9999 -9999 -9999 -9999 -9999 -9999 -9999 -9999 -9999
-9999 -9999 -9999 -9999 -9999 -9999 -9999 -9999 -9999 -9999 -9999 -9999 -9999 -9999 -9999 -9999 -9999 -9999 -9999 -9999 -9999 -9999 -9999 -9999 -9999 -9999 -9999 -9999 -9999 -9999 -9999 -9999 -9999 -9999 -9999 -9999 -9999 -9999 -9999 -9999 -9999 -9999 -9999 -9999 -9999 -9999 -9999 -9999 -9999 -9999 -9999 -9999 -9999 -9999 -9999 -9999 -9999 -9999 -9999 -9999 -9999 -9999 -9999 -9999 -9999 -9999 -9999 -9999 -9999 -9999 -9999 -9999 -9999 -9999 -9999 -9999 -9999 -9999 -9999 -9999
-9999 -9999 -9999 -9999 -9999 -9999 -9999 -9999 -9999 -9999 -9999 -9999 -9999 -9999 -9999 -9999 -9999 -9999 -9999 -9999 -9999 -9999 -9999 -9999 -9999 -9999 -9999 -9999 -9999 -9999 -9999 -9999 -9999 -9999 -9999 -9999 -9999 -9999 -9999 -9999 -9999 -9999 -9999 -9999 -9999 -9999 -9999 -9999 -9999 -9999 -9999 -9999 -9999 -9999 -9999 -9999 -9999 -9999 -9999 -9999 -9999 -9999 -9999 -9999 -9999 -9999 -9999 -9999 -9999 -9999 -9999 -9999 -9999 -9999 -9999 -9999 -9999 -9999 -9999 -9999
-9999 -9999 -9999 -9999 -9999 -9999 -9999 -9999 -9999 -9999 -9999 -9999 -9999 -9999 -9999 -9999 -9999 -9999 -9999 -9999 -9999 -9999 -9999 -9999 -9999 -9999 -9999 -9999 -9999 -9999 -9999 -9999 -9999 -9999 -9999 -9999 -9999 -9999 -9999 -9999 -9999 -9999 -9999 -9999 -9999 -9999 -9999 -9999 -9999 -9999 -9999 -9999 -9999 -9999 -9999 -9999 -9999 -9999 -9999 -9999 -9999 -9999 -9999 -9999 -9999 -9999 -9999 -9999 -9999 -9999 -9999 -9999 -9999 -9999 -9999 -9999 -9999 -9999 -9999 -9999
