NCOLS               80
NROWS              115
XLLCORNER       178400
YLLCORNER       329400
CELLSIZE            40
NODATA_VALUE     -9999
-9999 -9999 -9999 -9999 -9999 -9999 -9999 -9999 -9999 -9999 -9999 -9999 -9999 -9999 -9999 -9999 -9999 -9999 -9999 -9999 -9999 -9999 -9999 -9999 -9999 -9999 -9999 -9999 -9999 -9999 -9999 -9999 -9999 -9999 -9999 -9999 -9999 -9999 -9999 -9999 -9999 -9999 -9999 -9999 -9999 -9999 -9999 -9999 -9999 -9999 -9999 -9999 -9999 -9999 -9999 -9999 -9999 -9999 -9999 -9999 -9999 -9999 -9999 -9999 -9999 -9999 -9999 -9999 -9999 -9999 -9999 -9999 -9999 -9999 -9999 -9999 -9999 -9999 -9999 -9999
-9999 -9999 -9999 -9999 -9999 -9999 -9999 -9999 -9999 -9999 -9999 -9999 -9999 -9999 -9999 -9999 -9999 -9999 -9999 -9999 -9999 -9999 -9999 -9999 -9999 -9999 -9999 -9999 -9999 -9999 -9999 -9999 -9999 -9999 -9999 -9999 -9999 -9999 -9999 -9999 -9999 -9999 -9999 -9999 -9999 -9999 -9999 -9999 -9999 -9999 -9999 -9999 -9999 -9999 -9999 -9999 -9999 -9999 -9999 -9999 -9999 -9999 -9999 -9999 -9999 -9999 -9999 -9999 -9999 -9999 -9999 -9999 -9999 -9999 -9999 -9999 -9999 -9999 -9999 -9999
-9999 -9999 -9999 -9999 -9999 -9999 -9999 -9999 -9999 -9999 -9999 -9999 -9999 -9999 -9999 -9999 -9999 -9999 -9999 -9999 -9999 -9999 -9999 -9999 -9999 -9999 -9999 -9999 -9999 -9999 -9999 -9999 -9999 -9999 -9999 -9999 -9999 -9999 -9999 -9999 -9999 -9999 -9999 -9999 -9999 -9999 -9999 -9999 -9999 -9999 -9999 -9999 -9999 -9999 -9999 -9999 -9999 -9999 -9999 -9999 -9999 -9999 -9999 -9999 -9999 -9999 -9999 -9999 -9999 -9999 -9999 -9999 -9999 -9999 -9999 -9999 -9999 -9999 -9999 -9999
-9999 -9999 -9999 -9999 -9999 -9999 -9999 -9999 -9999 -9999 -9999 -9999 -9999 -9999 -9999 -9999 -9999 -9999 -9999 -9999 -9999 -9999 -9999 -9999 -9999 -9999 -9999 -9999 -9999 -9999 -9999 -9999 -9999 -9999 -9999 -9999 -9999 -9999 -9999 -9999 -9999 -9999 -9999 -9999 -9999 -9999 -9999 -9999 -9999 -9999 -9999 -9999 -9999 -9999 -9999 -9999 -9999 -9999 -9999 -9999 -9999 -9999 -9999 -9999 -9999 -9999 -9999 -9999 -9999 -9999 -9999 -9999 -9999 -9999 -9999 -9999 -9999 -9999 -9999 -9999
-9999 -9999 -9999 -9999 -9999 -9999 -9999 -9999 -9999 -9999 -9999 -9999 -9999 -9999 -9999 -9999 -9999 -9999 -9999 -9999 -9999 -9999 -9999 -9999 -9999 -9999 -9999 -9999 -9999 -9999 -9999 -9999 -9999 -9999 -9999 -9999 -9999 -9999 -9999 -9999 -9999 -9999 -9999 -9999 -9999 -9999 -9999 -9999 -9999 -9999 -9999 -9999 -9999 -9999 -9999 -9999 -9999 -9999 -9999 -9999 -9999 -9999 -9999 -9999 -9999 -9999 -9999 -9999 -9999 -9999 -9999 -9999 -9999 -9999 -9999 -9999 -9999 -9999 -9999 -9999
-9999 -9999 -9999 -9999 -9999 -9999 -9999 -9999 -9999 -9999 -9999 -9999 -9999 -9999 -9999 -9999 -9999 -9999 -9999 -9999 -9999 -9999 -9999 -9999 -9999 -9999 -9999 -9999 -9999 -9999 -9999 -9999 -9999 -9999 -9999 -9999 -9999 -9999 -9999 -9999 -9999 -9999 -9999 -9999 -9999 -9999 -9999 -9999 -9999 -9999 -9999 -9999 -9999 -9999 -9999 -9999 -9999 -9999 -9999 -9999 -9999 -9999 -9999 -9999 -9999 -9999 -9999 -9999 -9999 -9999 -9999 -9999 -9999 -9999 -9999 -9999 -9999 -9999 -9999 -9999
-9999 -9999 -9999 -9999 -9999 -9999 -9999 -9999 -9999 -9999 -9999 -9999 -9999 -9999 -9999 -9999 -9999 -9999 -9999 -9999 -9999 -9999 -9999 -9999 -9999 -9999 -9999 -9999 -9999 -9999 -9999 -9999 -9999 -9999 -9999 -9999 -9999 -9999 -9999 -9999 -9999 -9999 -9999 -9999 -9999 -9999 -9999 -9999 -9999 -9999 -9999 -9999 -9999 -9999 -9999 -9999 -9999 -9999 -9999 -9999 -9999 -9999 -9999 -9999 -9999 -9999 -9999 -9999 -9999 0.0276686 -9999 -9999 -9999 -9999 -9999 -9999 -9999 -9999 -9999 -9999
-9999 -9999 -9999 -9999 -9999 -9999 -9999 -9999 -9999 -9999 -9999 -9999 -9999 -9999 -9999 -9999 -9999 -9999 -9999 -9999 -9999 -9999 -9999 -9999 -9999 -9999 -9999 -9999 -9999 -9999 -9999 -9999 -9999 -9999 -9999 -9999 -9999 -9999 -9999 -9999 -9999 -9999 -9999 -9999 -9999 -9999 -9999 -9999 -9999 -9999 -9999 -9999 -9999 -9999 -9999 -9999 -9999 -9999 -9999 -9999 -9999 -9999 -9999 -9999 -9999 -9999 -9999 -9999 0.0195032 0.0221087 0.0248165 -9999 -9999 -9999 -9999 -9999 -9999 -9999 -9999 -9999
-9999 -9999 -9999 -9999 -9999 -9999 -9999 -9999 -9999 -9999 -9999 -9999 -9999 -9999 -9999 -9999 -9999 -9999 -9999 -9999 -9999 -9999 -9999 -9999 -9999 -9999 -9999 -9999 -9999 -9999 -9999 -9999 -9999 -9999 -9999 -9999 -9999 -9999 -9999 -9999 -9999 -9999 -9999 -9999 -9999 -9999 -9999 -9999 -9999 -9999 -9999 -9999 -9999 -9999 -9999 -9999 -9999 -9999 -9999 -9999 -9999 -9999 -9999 -9999 -9999 -9999 -9999 0.0107406 0.013843 0.0169437 0.0198514 -9999 -9999 -9999 -9999 -9999 -9999 -9999 -9999 -9999
-9999 -9999 -9999 -9999 -9999 -9999 -9999 -9999 -9999 -9999 -9999 -9999 -9999 -9999 -9999 -9999 -9999 -9999 -9999 -9999 -9999 -9999 -9999 -9999 -9999 -9999 -9999 -9999 -9999 -9999 -9999 -9999 -9999 -9999 -9999 -9999 -9999 -9999 -9999 -9999 -9999 -9999 -9999 -9999 -9999 -9999 -9999 -9999 -9999 -9999 -9999 -9999 -9999 -9999 -9999 -9999 -9999 -9999 -9999 -9999 -9999 -9999 -9999 -9999 -9999 -9999 0.0029608 0.00527892 0.00947328 0.0123169 0.0151218 0.0178368 -9999 -9999 -9999 -9999 -9999 -9999 -9999 -9999
-9999 -9999 -9999 -9999 -9999 -9999 -9999 -9999 -9999 -9999 -9999 -9999 -9999 -9999 -9999 -9999 -9999 -9999 -9999 -9999 -9999 -9999 -9999 -9999 -9999 -9999 -9999 -9999 -9999 -9999 -9999 -9999 -9999 -9999 -9999 -9999 -9999 -9999 -9999 -9999 -9999 -9999 -9999 -9999 -9999 -9999 -9999 -9999 -9999 -9999 -9999 -9999 -9999 -9999 -9999 -9999 -9999 -9999 -9999 -9999 -9999 -9999 -9999 -9999 -9999 0.00387701 0.00392396 0.00551621 0.00651973 0.00766146 0.0107278 0.0132231 0.0153874 -9999 -9999 -9999 -9999 -9999 -9999 -9999
-9999 -9999 -9999 -9999 -9999 -9999 -9999 -9999 -9999 -9999 -9999 -9999 -9999 -9999 -9999 -9999 -9999 -9999 -9999 -9999 -9999 -9999 -9999 -9999 -9999 -9999 -9999 -9999 -9999 -9999 -9999 -9999 -9999 -9999 -9999 -9999 -9999 -9999 -9999 -9999 -9999 -9999 -9999 -9999 -9999 -9999 -9999 -9999 -9999 -9999 -9999 -9999 -9999 -9999 -9999 -9999 -9999 -9999 -9999 -9999 -9999 -9999 -9999 -9999 0.00854123 0.00352849 0.00572586 0.00682582 0.0041738 0.00291492 0.00766484 0.00910192 0.00983412 -9999 -9999 -9999 -9999 -9999 -9999 -9999
-9999 -9999 -9999 -9999 -9999 -9999 -9999 -9999 -9999 -9999 -9999 -9999 -9999 -9999 -9999 -9999 -9999 -9999 -9999 -9999 -9999 -9999 -9999 -9999 -9999 -9999 -9999 -9999 -9999 -9999 -9999 -9999 -9999 -9999 -9999 -9999 -9999 -9999 -9999 -9999 -9999 -9999 -9999 -9999 -9999 -9999 -9999 -9999 -9999 -9999 -9999 -9999 -9999 -9999 -9999 -9999 -9999 -9999 -9999 -9999 -9999 -9999 -9999 0.0136621 0.0103803 0.00832784 0.00846602 0.00842299 0.00668015 0.00604645 0.00737195 0.00611904 0.00321583 0.00874172 -9999 -9999 -9999 -9999 -9999 -9999
-9999 -9999 -9999 -9999 -9999 -9999 -9999 -9999 -9999 -9999 -9999 -9999 -9999 -9999 -9999 -9999 -9999 -9999 -9999 -9999 -9999 -9999 -9999 -9999 -9999 -9999 -9999 -9999 -9999 -9999 -9999 -9999 -9999 -9999 -9999 -9999 -9999 -9999 -9999 -9999 -9999 -9999 -9999 -9999 -9999 -9999 -9999 -9999 -9999 -9999 -9999 -9999 -9999 -9999 -9999 -9999 -9999 -9999 -9999 -9999 -9999 -9999 -9999 0.0128944 0.0110444 0.00983182 0.00962588 0.0094236 0.00862034 0.00823289 0.00819293 0.00649972 0.00423548 0.00823094 -9999 -9999 -9999 -9999 -9999 -9999
-9999 -9999 -9999 -9999 -9999 -9999 -9999 -9999 -9999 -9999 -9999 -9999 -9999 -9999 -9999 -9999 -9999 -9999 -9999 -9999 -9999 -9999 -9999 -9999 -9999 -9999 -9999 -9999 -9999 -9999 -9999 -9999 -9999 -9999 -9999 -9999 -9999 -9999 -9999 -9999 -9999 -9999 -9999 -9999 -9999 -9999 -9999 -9999 -9999 -9999 -9999 -9999 -9999 -9999 -9999 -9999 -9999 -9999 -9999 -9999 -9999 -9999 0.0118442 0.0110528 0.00962384 0.00818717 0.00840243 0.00865015 0.00754427 0.00717461 0.00814922 0.00804573 0.00768385 0.00948058 0.0131479 -9999 -9999 -9999 -9999 -9999
-9999 -9999 -9999 -9999 -9999 -9999 -9999 -9999 -9999 -9999 -9999 -9999 -9999 -9999 -9999 -9999 -9999 -9999 -9999 -9999 -9999 -9999 -9999 -9999 -9999 -9999 -9999 -9999 -9999 -9999 -9999 -9999 -9999 -9999 -9999 -9999 -9999 -9999 -9999 -9999 -9999 -9999 -9999 -9999 -9999 -9999 -9999 -9999 -9999 -9999 -9999 -9999 -9999 -9999 -9999 -9999 -9999 -9999 -9999 -9999 -9999 0.00802831 0.00771306 0.00870502 0.00722124 0.00343766 0.00570557 0.00720761 0.00452567 0.00329359 0.00717246 0.00770276 0.00693929 0.00846284 0.0117411 0.0156096 -9999 -9999 -9999 -9999
-9999 -9999 -9999 -9999 -9999 -9999 -9999 -9999 -9999 -9999 -9999 -9999 -9999 -9999 -9999 -9999 -9999 -9999 -9999 -9999 -9999 -9999 -9999 -9999 -9999 -9999 -9999 -9999 -9999 -9999 -9999 -9999 -9999 -9999 -9999 -9999 -9999 -9999 -9999 -9999 -9999 -9999 -9999 -9999 -9999 -9999 -9999 -9999 -9999 -9999 -9999 -9999 -9999 -9999 -9999 -9999 -9999 -9999 -9999 -9999 -9999 0.00274416 0.0043733 0.00724995 0.00655019 0.00397033 0.00578236 0.00727135 0.00584542 0.00540663 0.00744423 0.00662315 0.00233009 0.0056302 0.00928624 0.0128047 -9999 -9999 -9999 -9999
-9999 -9999 -9999 -9999 -9999 -9999 -9999 -9999 -9999 -9999 -9999 -9999 -9999 -9999 -9999 -9999 -9999 -9999 -9999 -9999 -9999 -9999 -9999 -9999 -9999 -9999 -9999 -9999 -9999 -9999 -9999 -9999 -9999 -9999 -9999 -9999 -9999 -9999 -9999 -9999 -9999 -9999 -9999 -9999 -9999 -9999 -9999 -9999 -9999 -9999 -9999 -9999 -9999 -9999 -9999 -9999 -9999 -9999 -9999 -9999 0.00712597 0.00513192 0.0058795 0.00642972 0.00604651 0.00628954 0.00686059 0.00761082 0.00784044 0.00824825 0.00867467 0.0075108 0.00500502 0.00549891 0.00606987 0.00899347 0.0147991 -9999 -9999 -9999
-9999 -9999 -9999 -9999 -9999 -9999 -9999 -9999 -9999 -9999 -9999 -9999 -9999 -9999 -9999 -9999 -9999 -9999 -9999 -9999 -9999 -9999 -9999 -9999 -9999 -9999 -9999 -9999 -9999 -9999 -9999 -9999 -9999 -9999 -9999 -9999 -9999 -9999 -9999 -9999 -9999 -9999 -9999 -9999 -9999 -9999 -9999 -9999 -9999 -9999 -9999 -9999 -9999 -9999 -9999 -9999 -9999 -9999 -9999 -9999 0.00325349 0.00483305 0.00664369 0.00470192 0.00245621 0.00519754 0.00454759 0.00570868 0.00689125 0.00839619 0.00895048 0.00869121 0.00797248 0.00648219 0.00192376 0.00604307 0.0134325 -9999 -9999 -9999
-9999 -9999 -9999 -9999 -9999 -9999 -9999 -9999 -9999 -9999 -9999 -9999 -9999 -9999 -9999 -9999 -9999 -9999 -9999 -9999 -9999 -9999 -9999 -9999 -9999 -9999 -9999 -9999 -9999 -9999 -9999 -9999 -9999 -9999 -9999 -9999 -9999 -9999 -9999 -9999 -9999 -9999 -9999 -9999 -9999 -9999 -9999 -9999 -9999 -9999 -9999 -9999 -9999 -9999 -9999 -9999 -9999 -9999 -9999 0.00859341 0.004645 0.00573985 0.00728585 0.00600431 0.00455382 0.00458505 0.00197324 0.00273082 0.00391568 0.00699536 0.00719874 0.0077983 0.00884495 0.0084386 0.00703806 0.00924319 0.0147678 0.0208929 -9999 -9999
-9999 -9999 -9999 -9999 -9999 -9999 -9999 -9999 -9999 -9999 -9999 -9999 -9999 -9999 -9999 -9999 -9999 -9999 -9999 -9999 -9999 -9999 -9999 -9999 -9999 -9999 -9999 -9999 -9999 -9999 -9999 -9999 -9999 -9999 -9999 -9999 -9999 -9999 -9999 -9999 -9999 -9999 -9999 -9999 -9999 -9999 -9999 -9999 -9999 -9999 -9999 -9999 -9999 -9999 -9999 -9999 -9999 -9999 -9999 0.00841918 0.0070028 0.00683983 0.00761762 0.00734499 0.00509386 0.0032619 0.0052799 0.0053359 0.00547359 0.00580289 0.00303893 0.00523662 0.009095 0.010708 0.0114808 0.0135128 0.0174332 0.0224519 0.0278714 -9999
-9999 -9999 -9999 -9999 -9999 -9999 -9999 -9999 -9999 -9999 -9999 -9999 -9999 -9999 -9999 -9999 -9999 -9999 -9999 -9999 -9999 -9999 -9999 -9999 -9999 -9999 -9999 -9999 -9999 -9999 -9999 -9999 -9999 -9999 -9999 -9999 -9999 -9999 -9999 -9999 -9999 -9999 -9999 -9999 -9999 -9999 -9999 -9999 -9999 -9999 -9999 -9999 -9999 -9999 -9999 -9999 -9999 -9999 -9999 0.00584842 0.0058293 0.0040487 0.00636946 0.00764855 0.00569563 0.00390778 0.00671774 0.00765555 0.0066869 0.00408384 0.00362966 0.0063423 0.0101206 0.0124831 0.0141904 0.0164002 0.0197428 0.0240242 0.028956 -9999
-9999 -9999 -9999 -9999 -9999 -9999 -9999 -9999 -9999 -9999 -9999 -9999 -9999 -9999 -9999 -9999 -9999 -9999 -9999 -9999 -9999 -9999 -9999 -9999 -9999 -9999 -9999 -9999 -9999 -9999 -9999 -9999 -9999 -9999 -9999 -9999 -9999 -9999 -9999 -9999 -9999 -9999 -9999 -9999 -9999 -9999 -9999 -9999 -9999 -9999 -9999 -9999 -9999 -9999 -9999 -9999 -9999 -9999 0.00437348 0.00305017 0.00533839 0.00302514 0.00638107 0.00836353 0.00765641 0.00673591 0.00760091 0.00845841 0.00724252 0.00343951 0.00536333 0.00885376 0.0114779 0.0134552 0.0152909 0.0177071 0.0209927 0.0251245 -9999 -9999
-9999 -9999 -9999 -9999 -9999 -9999 -9999 -9999 -9999 -9999 -9999 -9999 -9999 -9999 -9999 -9999 -9999 -9999 -9999 -9999 -9999 -9999 -9999 -9999 -9999 -9999 -9999 -9999 -9999 -9999 -9999 -9999 -9999 -9999 -9999 -9999 -9999 -9999 -9999 -9999 -9999 -9999 -9999 -9999 -9999 -9999 -9999 -9999 -9999 -9999 -9999 -9999 -9999 -9999 -9999 -9999 -9999 0.00933225 0.00694448 0.0068908 0.00800259 0.00816434 0.00902583 0.00938878 0.00776713 0.00497719 0.00607986 0.00843902 0.00869177 0.00795282 0.00877253 0.0105779 0.0119494 0.0130593 0.0147062 0.0174095 0.0211617 0.0255958 -9999 -9999
-9999 -9999 -9999 -9999 -9999 -9999 -9999 -9999 -9999 -9999 -9999 -9999 -9999 -9999 -9999 -9999 -9999 -9999 -9999 -9999 -9999 -9999 -9999 -9999 -9999 -9999 -9999 -9999 -9999 -9999 -9999 -9999 -9999 -9999 -9999 -9999 -9999 -9999 -9999 -9999 -9999 -9999 -9999 -9999 -9999 -9999 -9999 -9999 -9999 -9999 -9999 -9999 -9999 -9999 -9999 -9999 -9999 0.00715915 0.00787319 0.00939563 0.0105036 0.0109118 0.0109297 0.0102218 0.00781949 0.00308735 0.00504233 0.0082856 0.00921822 0.00959813 0.0104043 0.0110915 0.0109941 0.0107795 0.0122428 0.0157851 0.0204958 -9999 -9999 -9999
-9999 -9999 -9999 -9999 -9999 -9999 -9999 -9999 -9999 -9999 -9999 -9999 -9999 -9999 -9999 -9999 -9999 -9999 -9999 -9999 -9999 -9999 -9999 -9999 -9999 -9999 -9999 -9999 -9999 -9999 -9999 -9999 -9999 -9999 -9999 -9999 -9999 -9999 -9999 -9999 -9999 -9999 -9999 -9999 -9999 -9999 -9999 -9999 -9999 -9999 -9999 -9999 -9999 -9999 -9999 -9999 0.00641499 0.00195923 0.00707569 0.0101598 0.0115693 0.0117507 0.0112518 0.0104575 0.00916159 0.00763224 0.00773564 0.00818846 0.00770953 0.00842363 0.0100603 0.0105092 0.00892982 0.0063277 0.00812025 0.013668 0.0196642 -9999 -9999 -9999
-9999 -9999 -9999 -9999 -9999 -9999 -9999 -9999 -9999 -9999 -9999 -9999 -9999 -9999 -9999 -9999 -9999 -9999 -9999 -9999 -9999 -9999 -9999 -9999 -9999 -9999 -9999 -9999 -9999 -9999 -9999 -9999 -9999 -9999 -9999 -9999 -9999 -9999 -9999 -9999 -9999 -9999 -9999 -9999 -9999 -9999 -9999 -9999 -9999 -9999 -9999 -9999 -9999 -9999 -9999 -9999 0.00634726 0.00438468 0.00721937 0.0102386 0.0115111 0.011014 0.0096291 0.0090775 0.00952076 0.00970019 0.00929984 0.00754845 0.00361602 0.00534425 0.00907322 0.0100251 0.00791857 0.00262442 0.00580388 0.0131447 -9999 -9999 -9999 -9999
-9999 -9999 -9999 -9999 -9999 -9999 -9999 -9999 -9999 -9999 -9999 -9999 -9999 -9999 -9999 -9999 -9999 -9999 -9999 -9999 -9999 -9999 -9999 -9999 -9999 -9999 -9999 -9999 -9999 -9999 -9999 -9999 -9999 -9999 -9999 -9999 -9999 -9999 -9999 -9999 -9999 -9999 -9999 -9999 -9999 -9999 -9999 -9999 -9999 -9999 -9999 -9999 -9999 -9999 -9999 0.00770759 0.00551428 0.00302095 0.00668544 0.0100427 0.0110185 0.00950404 0.00600062 0.0053494 0.0083848 0.0098656 0.00964379 0.00761254 0.00437175 0.00563237 0.0090856 0.0105816 0.00983385 0.00833989 0.0102976 0.0156405 -9999 -9999 -9999 -9999
-9999 -9999 -9999 -9999 -9999 -9999 -9999 -9999 -9999 -9999 -9999 -9999 -9999 -9999 -9999 -9999 -9999 -9999 -9999 -9999 -9999 -9999 -9999 -9999 -9999 -9999 -9999 -9999 -9999 -9999 -9999 -9999 -9999 -9999 -9999 -9999 -9999 -9999 -9999 -9999 -9999 -9999 -9999 -9999 -9999 -9999 -9999 -9999 -9999 -9999 -9999 -9999 -9999 -9999 -9999 0.00270043 0.00429606 0.00376957 0.00721117 0.0101971 0.0107973 0.0088852 0.00465003 0.00376556 0.00736662 0.00893344 0.00908001 0.00740531 0.00504926 0.00638269 0.00946335 0.0117033 0.0127093 0.0134645 0.0156471 -9999 -9999 -9999 -9999 -9999
-9999 -9999 -9999 -9999 -9999 -9999 -9999 -9999 -9999 -9999 -9999 -9999 -9999 -9999 -9999 -9999 -9999 -9999 -9999 -9999 -9999 -9999 -9999 -9999 -9999 -9999 -9999 -9999 -9999 -9999 -9999 -9999 -9999 -9999 -9999 -9999 -9999 -9999 -9999 -9999 -9999 -9999 -9999 -9999 -9999 -9999 -9999 -9999 -9999 -9999 -9999 -9999 -9999 -9999 -9999 0.00454309 0.00587011 0.00730135 0.00899908 0.0106637 0.0108295 0.00911333 0.00669526 0.00604332 0.00626287 0.00653707 0.00775882 0.00655306 0.00148486 0.00477636 0.00913904 0.0126905 0.0152424 0.0174379 0.0201586 -9999 -9999 -9999 -9999 -9999
-9999 -9999 -9999 -9999 -9999 -9999 -9999 -9999 -9999 -9999 -9999 -9999 -9999 -9999 -9999 -9999 -9999 -9999 -9999 -9999 -9999 -9999 -9999 -9999 -9999 -9999 -9999 -9999 -9999 -9999 -9999 -9999 -9999 -9999 -9999 -9999 -9999 -9999 -9999 -9999 -9999 -9999 -9999 -9999 -9999 -9999 -9999 -9999 -9999 -9999 -9999 -9999 -9999 -9999 0.00803166 0.006946 0.00694681 0.00746787 0.0089117 0.0105265 0.0106289 0.00854199 0.00503433 0.00481754 0.00412224 0.00236124 0.00688146 0.00715869 0.00405532 0.00257984 0.00897449 0.0137503 0.0174256 0.0205858 -9999 -9999 -9999 -9999 -9999 -9999
-9999 -9999 -9999 -9999 -9999 -9999 -9999 -9999 -9999 -9999 -9999 -9999 -9999 -9999 -9999 -9999 -9999 -9999 -9999 -9999 -9999 -9999 -9999 -9999 -9999 -9999 -9999 -9999 -9999 -9999 -9999 -9999 -9999 -9999 -9999 -9999 -9999 -9999 -9999 -9999 -9999 -9999 -9999 -9999 -9999 -9999 -9999 -9999 -9999 -9999 -9999 -9999 -9999 -9999 0.00566138 0.00533437 0.00477553 0.0039673 0.006796 0.00981628 0.0104841 0.00842772 0.00378316 0.00383138 0.00477246 0.00544874 0.00793633 0.00863048 0.00714154 0.00697628 0.0109001 0.0154276 0.0195182 0.0232667 -9999 -9999 -9999 -9999 -9999 -9999
-9999 -9999 -9999 -9999 -9999 -9999 -9999 -9999 -9999 -9999 -9999 -9999 -9999 -9999 -9999 -9999 -9999 -9999 -9999 -9999 -9999 -9999 -9999 -9999 -9999 -9999 -9999 -9999 -9999 -9999 -9999 -9999 -9999 -9999 -9999 -9999 -9999 -9999 -9999 -9999 -9999 -9999 -9999 -9999 -9999 -9999 -9999 -9999 -9999 -9999 -9999 -9999 -9999 0.00315646 0.00387087 0.00363735 0.00284781 0.00243203 0.00568534 0.00948737 0.0108745 0.00986456 0.00740398 0.00479982 0.00259505 0.00666075 0.00920794 0.0100523 0.00997093 0.0107669 0.0135181 0.017407 0.021535 -9999 -9999 -9999 -9999 -9999 -9999 -9999
-9999 -9999 -9999 -9999 -9999 -9999 -9999 -9999 -9999 -9999 -9999 -9999 -9999 -9999 -9999 -9999 -9999 -9999 -9999 -9999 -9999 -9999 -9999 -9999 -9999 -9999 -9999 -9999 -9999 -9999 -9999 -9999 -9999 -9999 -9999 -9999 -9999 -9999 -9999 -9999 -9999 -9999 -9999 -9999 -9999 -9999 -9999 -9999 -9999 -9999 -9999 -9999 -9999 0.00678386 0.00685453 0.00675984 0.00540156 0.00113713 0.00599817 0.00992311 0.0115717 0.0112925 0.00963051 0.0068158 0.00498708 0.00789817 0.00982593 0.0101857 0.0103769 0.0118785 0.0149398 0.0189616 0.023304 -9999 -9999 -9999 -9999 -9999 -9999 -9999
-9999 -9999 -9999 -9999 -9999 -9999 -9999 -9999 -9999 -9999 -9999 -9999 -9999 -9999 -9999 -9999 -9999 -9999 -9999 -9999 -9999 -9999 -9999 -9999 -9999 -9999 -9999 -9999 -9999 -9999 -9999 -9999 -9999 -9999 -9999 -9999 -9999 -9999 -9999 -9999 -9999 -9999 -9999 -9999 -9999 -9999 -9999 -9999 -9999 -9999 -9999 -9999 0.00671385 0.0077123 0.0086909 0.00906434 0.00826157 0.00713494 0.00866614 0.0109658 0.0120599 0.0119393 0.0110621 0.00989249 0.00939513 0.00995954 0.00988566 0.00846901 0.00788589 0.0106597 0.0151287 0.0199655 -9999 -9999 -9999 -9999 -9999 -9999 -9999 -9999
-9999 -9999 -9999 -9999 -9999 -9999 -9999 -9999 -9999 -9999 -9999 -9999 -9999 -9999 -9999 -9999 -9999 -9999 -9999 -9999 -9999 -9999 -9999 -9999 -9999 -9999 -9999 -9999 -9999 -9999 -9999 -9999 -9999 -9999 -9999 -9999 -9999 -9999 -9999 -9999 -9999 -9999 -9999 -9999 -9999 -9999 -9999 -9999 -9999 -9999 -9999 0.00344892 0.00341161 0.00593091 0.00835653 0.00991673 0.0103313 0.01043 0.0110139 0.0116588 0.0116595 0.0111647 0.0108923 0.0110713 0.0113564 0.0112404 0.00974619 0.00590318 0.00243081 0.00895321 0.0152752 0.0210363 -9999 -9999 -9999 -9999 -9999 -9999 -9999 -9999
-9999 -9999 -9999 -9999 -9999 -9999 -9999 -9999 -9999 -9999 -9999 -9999 -9999 -9999 -9999 -9999 -9999 -9999 -9999 -9999 -9999 -9999 -9999 -9999 -9999 -9999 -9999 -9999 -9999 -9999 -9999 -9999 -9999 -9999 -9999 -9999 -9999 -9999 -9999 -9999 -9999 -9999 -9999 -9999 -9999 -9999 -9999 -9999 -9999 -9999 0.00769393 0.00580854 0.00394263 0.00199019 0.00715273 0.00942105 0.0105249 0.0112862 0.0115857 0.0111156 0.00984741 0.00829721 0.00844519 0.0102621 0.0116145 0.011859 0.0105532 0.00752655 0.00598068 0.0107563 0.0168911 -9999 -9999 -9999 -9999 -9999 -9999 -9999 -9999 -9999
-9999 -9999 -9999 -9999 -9999 -9999 -9999 -9999 -9999 -9999 -9999 -9999 -9999 -9999 -9999 -9999 -9999 -9999 -9999 -9999 -9999 -9999 -9999 -9999 -9999 -9999 -9999 -9999 -9999 -9999 -9999 -9999 -9999 -9999 -9999 -9999 -9999 -9999 -9999 -9999 -9999 -9999 -9999 -9999 -9999 -9999 -9999 -9999 -9999 0.00445806 0.00622342 0.00759522 0.00679597 0.0059754 0.00712672 0.0075422 0.00870622 0.0103889 0.0107853 0.009385 0.00685335 0.00365847 0.00441834 0.00856419 0.0108385 0.012018 0.012124 0.0115484 0.0120723 0.0152436 0.020087 -9999 -9999 -9999 -9999 -9999 -9999 -9999 -9999 -9999
-9999 -9999 -9999 -9999 -9999 -9999 -9999 -9999 -9999 -9999 -9999 -9999 -9999 -9999 -9999 -9999 -9999 -9999 -9999 -9999 -9999 -9999 -9999 -9999 -9999 -9999 -9999 -9999 -9999 -9999 -9999 -9999 -9999 -9999 -9999 -9999 -9999 -9999 -9999 -9999 -9999 -9999 -9999 -9999 -9999 -9999 -9999 -9999 0.00744097 0.00305881 0.00625198 0.00870625 0.00907041 0.00853683 0.0070658 0.00345969 0.00544826 0.00892889 0.0096507 0.00751037 0.00255939 0.00357764 0.00511284 0.00710491 0.00908332 0.0115218 0.0134249 0.0148509 0.016689 0.0197205 -9999 -9999 -9999 -9999 -9999 -9999 -9999 -9999 -9999 -9999
-9999 -9999 -9999 -9999 -9999 -9999 -9999 -9999 -9999 -9999 -9999 -9999 -9999 -9999 -9999 -9999 -9999 -9999 -9999 -9999 -9999 -9999 -9999 -9999 -9999 -9999 -9999 -9999 -9999 -9999 -9999 -9999 -9999 -9999 -9999 -9999 -9999 -9999 -9999 -9999 -9999 -9999 -9999 -9999 -9999 -9999 -9999 0.00993366 0.00868343 0.00763486 0.00833518 0.00920449 0.009412 0.0092091 0.0077736 0.00474026 0.00570892 0.00816443 0.00892385 0.00774198 0.00527314 0.00602333 0.00633965 0.00414236 0.00590808 0.0105672 0.0142499 0.017258 0.0202091 0.0235826 -9999 -9999 -9999 -9999 -9999 -9999 -9999 -9999 -9999 -9999
-9999 -9999 -9999 -9999 -9999 -9999 -9999 -9999 -9999 -9999 -9999 -9999 -9999 -9999 -9999 -9999 -9999 -9999 -9999 -9999 -9999 -9999 -9999 -9999 -9999 -9999 -9999 -9999 -9999 -9999 -9999 -9999 -9999 -9999 -9999 -9999 -9999 -9999 -9999 -9999 -9999 -9999 -9999 -9999 -9999 -9999 0.00616767 0.0081829 0.00860564 0.00864759 0.00874247 0.00797029 0.00736504 0.0084684 0.00893954 0.00813615 0.00731587 0.00680259 0.00766939 0.00877785 0.00891723 0.0086962 0.00719169 0.00372609 0.00511347 0.0102758 0.015032 0.0191875 0.0230274 -9999 -9999 -9999 -9999 -9999 -9999 -9999 -9999 -9999 -9999 -9999
-9999 -9999 -9999 -9999 -9999 -9999 -9999 -9999 -9999 -9999 -9999 -9999 -9999 -9999 -9999 -9999 -9999 -9999 -9999 -9999 -9999 -9999 -9999 -9999 -9999 -9999 -9999 -9999 -9999 -9999 -9999 -9999 -9999 -9999 -9999 -9999 -9999 -9999 -9999 -9999 -9999 -9999 -9999 0.00792698 0.00738671 0.00350679 0.00354481 0.00611131 0.00622386 0.00681499 0.00768588 0.00556242 0.00226877 0.00705186 0.00935579 0.00932347 0.00720956 0.00265648 0.0054192 0.00933376 0.0108388 0.0104012 0.00797282 0.00410384 0.00512336 0.0106696 0.0161777 0.0211159 0.0255758 -9999 -9999 -9999 -9999 -9999 -9999 -9999 -9999 -9999 -9999 -9999
-9999 -9999 -9999 -9999 -9999 -9999 -9999 -9999 -9999 -9999 -9999 -9999 -9999 -9999 -9999 -9999 -9999 -9999 -9999 -9999 -9999 -9999 -9999 -9999 -9999 -9999 -9999 -9999 -9999 -9999 -9999 -9999 -9999 -9999 -9999 -9999 -9999 -9999 -9999 -9999 0.00813993 0.00640836 0.000873193 0.00561639 0.00738654 0.00568999 0.00111954 0.00445295 0.00262164 0.0042461 0.00719779 0.00632656 0.00497568 0.00747664 0.00946314 0.00984435 0.00832952 0.00568328 0.00745789 0.0109809 0.0126532 0.0121345 0.00935714 0.00470192 0.00605786 0.0123595 0.0182164 0.0234721 -9999 -9999 -9999 -9999 -9999 -9999 -9999 -9999 -9999 -9999 -9999 -9999
-9999 -9999 -9999 -9999 -9999 -9999 -9999 -9999 -9999 -9999 -9999 -9999 -9999 -9999 -9999 -9999 -9999 -9999 -9999 -9999 -9999 -9999 -9999 -9999 -9999 -9999 -9999 -9999 -9999 -9999 -9999 -9999 -9999 -9999 -9999 -9999 0.00837684 0.0085958 0.00560029 0.00169616 0.00613471 0.0060195 0.0043242 0.00622315 0.00813423 0.0075133 0.0056728 0.00605227 0.00585482 0.00648381 0.00773527 0.0077175 0.00748972 0.00773822 0.00863765 0.00994907 0.0105068 0.0106556 0.0119697 0.0140222 0.0152353 0.0148776 0.0130913 0.0112356 0.0123361 0.0165215 0.0216293 0.0265356 -9999 -9999 -9999 -9999 -9999 -9999 -9999 -9999 -9999 -9999 -9999 -9999
-9999 -9999 -9999 -9999 -9999 -9999 -9999 -9999 -9999 -9999 -9999 -9999 -9999 -9999 -9999 -9999 -9999 -9999 -9999 -9999 -9999 -9999 -9999 -9999 -9999 -9999 -9999 -9999 -9999 -9999 -9999 -9999 0.0099174 0.00939985 0.00707107 0.00136416 0.00524821 0.00743773 0.00658942 0.00563346 0.00693633 0.00570873 0.00134635 0.00607066 0.00868951 0.00875677 0.00751382 0.0070297 0.00762597 0.00789989 0.00705493 0.00635773 0.00675077 0.0052828 0.00560303 0.00943415 0.0122785 0.0141688 0.0158774 0.0174997 0.0185136 0.0185974 0.0179687 0.0176428 0.0188858 0.0219824 0.0260946 -9999 -9999 -9999 -9999 -9999 -9999 -9999 -9999 -9999 -9999 -9999 -9999 -9999
-9999 -9999 -9999 -9999 -9999 -9999 -9999 -9999 -9999 -9999 -9999 -9999 -9999 -9999 -9999 -9999 -9999 -9999 -9999 -9999 -9999 -9999 -9999 -9999 -9999 -9999 -9999 -9999 -9999 -9999 -9999 0.00630843 0.00422626 0.00715725 0.00689613 0.00451212 0.00474625 0.00671903 0.00779451 0.00847252 0.00853745 0.00685934 0.00486277 0.0068664 0.00896147 0.00875849 0.0060815 0.0041462 0.00700149 0.00777085 0.00509132 0.00195814 0.00573664 0.00410129 0.00446161 0.0100579 0.0141424 0.0170223 0.0192184 0.0209403 0.0221226 0.0227334 0.0230161 0.0235429 0.0249509 0.0275037 0.0308957 -9999 -9999 -9999 -9999 -9999 -9999 -9999 -9999 -9999 -9999 -9999 -9999 -9999
-9999 -9999 -9999 -9999 -9999 -9999 -9999 -9999 -9999 -9999 -9999 -9999 -9999 -9999 -9999 -9999 -9999 -9999 -9999 -9999 -9999 -9999 -9999 -9999 -9999 -9999 -9999 -9999 -9999 -9999 0.00891649 0.00538644 0.00424654 0.00715236 0.00735549 0.00457438 0.00192766 0.00404673 0.00683579 0.00921511 0.00941108 0.00750687 0.00536396 0.00675196 0.00890184 0.00875813 0.0058147 0.00338276 0.0069198 0.00800716 0.00656913 0.00571907 0.0075662 0.00820444 0.00950609 0.0129646 0.0166635 0.0197791 0.0222838 0.0242734 0.0257778 0.0269057 0.0278728 0.0289954 0.0307012 0.0329623 -9999 -9999 -9999 -9999 -9999 -9999 -9999 -9999 -9999 -9999 -9999 -9999 -9999 -9999
-9999 -9999 -9999 -9999 -9999 -9999 -9999 -9999 -9999 -9999 -9999 -9999 -9999 -9999 -9999 -9999 -9999 -9999 -9999 -9999 -9999 -9999 -9999 -9999 -9999 -9999 -9999 -9999 -9999 0.00828783 0.00637366 0.00698267 0.00757006 0.00794726 0.00721535 0.00601855 0.00490725 0.00251716 0.00665275 0.00979882 0.0100095 0.007296 0.00142461 0.00548462 0.00877495 0.00911881 0.00771399 0.00700249 0.00783811 0.0079743 0.00759845 0.00833162 0.00995882 0.0115556 0.0134877 0.0162705 0.0194609 0.0225045 0.0251755 0.027436 0.0293089 0.030913 0.0323499 0.0339385 0.0357213 0.0379951 -9999 -9999 -9999 -9999 -9999 -9999 -9999 -9999 -9999 -9999 -9999 -9999 -9999 -9999
-9999 -9999 -9999 -9999 -9999 -9999 -9999 -9999 -9999 -9999 -9999 -9999 -9999 -9999 -9999 -9999 -9999 -9999 -9999 -9999 -9999 -9999 -9999 -9999 -9999 -9999 -9999 -9999 -9999 0.0045395 0.00292981 0.00714605 0.00846614 0.0074858 0.00458453 0.00536002 0.00719151 0.00785291 0.00963251 0.0114056 0.0113665 0.00929857 0.0068424 0.0076262 0.00915431 0.00884199 0.00702615 0.00650955 0.00730758 0.0060576 0.00505213 0.00799257 0.010811 0.013318 0.0159211 0.0188245 0.0219332 0.0250006 0.0278512 0.0303596 0.0326448 0.0346519 0.036461 0.0382658 0.0403313 -9999 -9999 -9999 -9999 -9999 -9999 -9999 -9999 -9999 -9999 -9999 -9999 -9999 -9999 -9999
-9999 -9999 -9999 -9999 -9999 -9999 -9999 -9999 -9999 -9999 -9999 -9999 -9999 -9999 -9999 -9999 -9999 -9999 -9999 -9999 -9999 -9999 -9999 -9999 -9999 -9999 -9999 -9999 0.00901966 0.00620715 0.0054002 0.00707036 0.00830557 0.00719765 0.00339329 0.00517282 0.00871138 0.0107968 0.0123666 0.0133468 0.0131418 0.0117632 0.0101685 0.00944219 0.00919263 0.00798528 0.0041713 0.00321723 0.00651819 0.00497248 0.00265761 0.00682749 0.0101864 0.0136135 0.0170434 0.0204355 0.0238249 0.0271036 0.0302131 0.0330495 0.0356203 0.037984 0.0401906 0.0422794 0.044431 -9999 -9999 -9999 -9999 -9999 -9999 -9999 -9999 -9999 -9999 -9999 -9999 -9999 -9999 -9999
-9999 -9999 -9999 -9999 -9999 -9999 -9999 -9999 -9999 -9999 -9999 -9999 -9999 -9999 -9999 -9999 -9999 -9999 -9999 -9999 -9999 -9999 -9999 -9999 -9999 -9999 -9999 -9999 0.00664153 0.00650056 0.0048034 0.00492574 0.0076127 0.00765852 0.00617222 0.00686026 0.00970336 0.012324 0.0140668 0.0148202 0.0144689 0.0130837 0.0110243 0.0088417 0.00765332 0.00740876 0.00592324 0.00579863 0.00759348 0.00721809 0.00559883 0.00490282 0.00823949 0.0129495 0.017312 0.0213536 0.0251427 0.0287733 0.0322102 0.0353599 0.0382612 0.0409199 0.0434045 0.0457617 -9999 -9999 -9999 -9999 -9999 -9999 -9999 -9999 -9999 -9999 -9999 -9999 -9999 -9999 -9999 -9999
-9999 -9999 -9999 -9999 -9999 -9999 -9999 -9999 -9999 -9999 -9999 -9999 -9999 -9999 -9999 -9999 -9999 -9999 -9999 -9999 -9999 -9999 -9999 -9999 -9999 -9999 -9999 -9999 0.00266022 0.00606778 0.00438086 0.00418389 0.00758365 0.00745109 0.00440064 0.00521631 0.00970716 0.0130362 0.0149607 0.0156054 0.0150557 0.0133541 0.010489 0.00630955 0.0033453 0.00643379 0.0073437 0.00781412 0.00879308 0.0086437 0.00628967 0.00144106 0.00681181 0.0123387 0.0172452 0.021801 0.0260637 0.0300633 0.033871 0.0373379 0.0405302 0.043479 0.0461704 0.0486539 -9999 -9999 -9999 -9999 -9999 -9999 -9999 -9999 -9999 -9999 -9999 -9999 -9999 -9999 -9999 -9999
-9999 -9999 -9999 -9999 -9999 -9999 -9999 -9999 -9999 -9999 -9999 -9999 -9999 -9999 -9999 -9999 -9999 -9999 -9999 -9999 -9999 -9999 -9999 -9999 -9999 -9999 -9999 0.00718452 0.00608821 0.00779775 0.00801591 0.00828801 0.0091733 0.00820513 0.00464346 0.00555707 0.0103747 0.0136689 0.0153771 0.0157493 0.0149629 0.0130427 0.00990746 0.00581201 0.00366386 0.00601207 0.00601503 0.0063642 0.00856851 0.00928688 0.00787978 0.00618399 0.00787597 0.0121564 0.0170934 0.0219948 0.0266714 0.031054 0.0352281 0.0390256 0.0424989 0.0456233 0.0484561 -9999 -9999 -9999 -9999 -9999 -9999 -9999 -9999 -9999 -9999 -9999 -9999 -9999 -9999 -9999 -9999 -9999
-9999 -9999 -9999 -9999 -9999 -9999 -9999 -9999 -9999 -9999 -9999 -9999 -9999 -9999 -9999 -9999 -9999 -9999 -9999 -9999 -9999 -9999 -9999 -9999 -9999 -9999 -9999 0.00901795 0.00878372 0.00967037 0.0102132 0.0105791 0.0109098 0.0104779 0.00950694 0.0101689 0.0125359 0.014558 0.0154509 0.0152514 0.0141957 0.0123006 0.00922108 0.00499506 0.00415719 0.00599956 0.00369204 0.00335155 0.00800359 0.00943803 0.00827573 0.00592729 0.00676444 0.0114463 0.0168257 0.0221047 0.0271202 0.0318173 0.0363616 0.0404387 0.0441584 0.0475015 0.0505184 -9999 -9999 -9999 -9999 -9999 -9999 -9999 -9999 -9999 -9999 -9999 -9999 -9999 -9999 -9999 -9999 -9999
-9999 -9999 -9999 -9999 -9999 -9999 -9999 -9999 -9999 -9999 -9999 -9999 -9999 -9999 -9999 -9999 -9999 -9999 -9999 -9999 -9999 -9999 -9999 -9999 -9999 -9999 -9999 0.00740996 0.0084734 0.00978144 0.0102006 0.0106047 0.0115001 0.0123095 0.0128431 0.013635 0.014705 0.0153403 0.0150476 0.0139241 0.0125173 0.0110846 0.00884868 0.00487709 0.00424288 0.00680005 0.00636276 0.00653353 0.00859942 0.0094279 0.00789459 0.0033373 0.00427272 0.0108329 0.016729 0.0222599 0.0274835 0.0325199 0.0370578 0.0415358 0.0454293 0.0490511 -9999 -9999 -9999 -9999 -9999 -9999 -9999 -9999 -9999 -9999 -9999 -9999 -9999 -9999 -9999 -9999 -9999 -9999
-9999 -9999 -9999 -9999 -9999 -9999 -9999 -9999 -9999 -9999 -9999 -9999 -9999 -9999 -9999 -9999 -9999 -9999 -9999 -9999 -9999 -9999 -9999 -9999 -9999 -9999 -9999 0.00218016 0.00677915 0.00855856 0.0079405 0.00812199 0.0105652 0.0130245 0.0147072 0.0157445 0.0161891 0.0157412 0.0141514 0.011614 0.00938419 0.00904015 0.00910274 0.0082422 0.00789777 0.00807844 0.0076665 0.00779591 0.00850502 0.00891662 0.00807378 0.00617546 0.00702767 0.0115678 0.0170793 0.0226366 0.0279638 0.0330684 0.0377448 0.0423899 0.0466237 -9999 -9999 -9999 -9999 -9999 -9999 -9999 -9999 -9999 -9999 -9999 -9999 -9999 -9999 -9999 -9999 -9999 -9999 -9999
-9999 -9999 -9999 -9999 -9999 -9999 -9999 -9999 -9999 -9999 -9999 -9999 -9999 -9999 -9999 -9999 -9999 -9999 -9999 -9999 -9999 -9999 -9999 -9999 -9999 -9999 0.0074648 0.00490688 0.00709862 0.00765923 0.0044917 0.00363518 0.00933499 0.0133232 0.0157786 0.0170157 0.0171387 0.0160031 0.0133548 0.00906496 0.00417466 0.00605524 0.00902636 0.00990036 0.00945786 0.00784021 0.00545589 0.00576393 0.00597235 0.00698348 0.00726221 0.00614272 0.00770552 0.0121888 0.0176238 0.0231618 0.0285785 0.0335799 0.03843 0.0431253 0.0471445 -9999 -9999 -9999 -9999 -9999 -9999 -9999 -9999 -9999 -9999 -9999 -9999 -9999 -9999 -9999 -9999 -9999 -9999 -9999
-9999 -9999 -9999 -9999 -9999 -9999 -9999 -9999 -9999 -9999 -9999 -9999 -9999 -9999 -9999 -9999 -9999 -9999 -9999 -9999 -9999 -9999 -9999 -9999 -9999 -9999 0.00848789 0.00711094 0.00806447 0.0082487 0.00622209 0.0061459 0.0103793 0.0141605 0.0166564 0.0178927 0.0178967 0.0165383 0.0136661 0.00918549 0.0041972 0.00613105 0.00929 0.0102931 0.00958213 0.00719342 0.00233202 0.00391778 0.00133852 0.00499589 0.00596761 0.00178009 0.0061961 0.0124269 0.0182414 0.0238445 0.0292719 0.0343156 0.0390028 0.0437425 -9999 -9999 -9999 -9999 -9999 -9999 -9999 -9999 -9999 -9999 -9999 -9999 -9999 -9999 -9999 -9999 -9999 -9999 -9999 -9999
-9999 -9999 -9999 -9999 -9999 -9999 -9999 -9999 -9999 -9999 -9999 -9999 -9999 -9999 -9999 -9999 -9999 -9999 -9999 -9999 -9999 -9999 -9999 -9999 -9999 -9999 0.00659876 0.00478181 0.00755077 0.00921493 0.00962488 0.010511 0.0128123 0.0154172 0.0174378 0.0185412 0.0185726 0.0174288 0.015113 0.0120048 0.00946814 0.00920525 0.00986192 0.00970988 0.00860161 0.00734538 0.00651022 0.00673802 0.00640876 0.00729962 0.00745397 0.00595138 0.00846333 0.0136992 0.0192158 0.0246439 0.0299756 0.0349871 0.0396937 0.0445624 -9999 -9999 -9999 -9999 -9999 -9999 -9999 -9999 -9999 -9999 -9999 -9999 -9999 -9999 -9999 -9999 -9999 -9999 -9999 -9999
-9999 -9999 -9999 -9999 -9999 -9999 -9999 -9999 -9999 -9999 -9999 -9999 -9999 -9999 -9999 -9999 -9999 -9999 -9999 -9999 -9999 -9999 -9999 -9999 -9999 -9999 0.00547042 0.00279698 0.00638484 0.00928983 0.0112673 0.0127685 0.014416 0.0161918 0.0177609 0.0187895 0.0190121 0.0182997 0.0166993 0.0145597 0.0124891 0.0108614 0.00935141 0.00776379 0.00554916 0.00550952 0.00803666 0.00955204 0.0100931 0.010297 0.0101377 0.0100776 0.0118224 0.0155733 0.0203651 0.0254423 0.0306301 0.0357109 0.0404343 -9999 -9999 -9999 -9999 -9999 -9999 -9999 -9999 -9999 -9999 -9999 -9999 -9999 -9999 -9999 -9999 -9999 -9999 -9999 -9999 -9999
-9999 -9999 -9999 -9999 -9999 -9999 -9999 -9999 -9999 -9999 -9999 -9999 -9999 -9999 -9999 -9999 -9999 -9999 -9999 -9999 -9999 -9999 -9999 -9999 -9999 0.00953879 0.00689017 0.00398357 0.00386814 0.00855157 0.0115135 0.0132246 0.0144856 0.015812 0.0172286 0.0183925 0.0189599 0.0187254 0.0177079 0.0160506 0.0138782 0.0110543 0.00727962 0.00436316 0.00326246 0.00435272 0.00894697 0.0113013 0.0120498 0.0118338 0.0112931 0.0114121 0.0131769 0.0166317 0.0211815 0.0261202 0.0312187 0.0362276 0.0413122 -9999 -9999 -9999 -9999 -9999 -9999 -9999 -9999 -9999 -9999 -9999 -9999 -9999 -9999 -9999 -9999 -9999 -9999 -9999 -9999 -9999
-9999 -9999 -9999 -9999 -9999 -9999 -9999 -9999 -9999 -9999 -9999 -9999 -9999 -9999 -9999 -9999 -9999 -9999 -9999 -9999 -9999 -9999 -9999 -9999 -9999 0.00695369 0.00675137 0.00518073 0.00493996 0.00854459 0.0110783 0.0122769 0.0128813 0.0139148 0.0155954 0.0172375 0.0182765 0.0185018 0.0179482 0.0166413 0.0145172 0.0112826 0.00652451 0.00248481 0.00588559 0.00811713 0.0108114 0.0125771 0.0128338 0.0117509 0.0101074 0.00980637 0.0122517 0.0165063 0.0214624 0.0266047 0.031696 0.0367656 -9999 -9999 -9999 -9999 -9999 -9999 -9999 -9999 -9999 -9999 -9999 -9999 -9999 -9999 -9999 -9999 -9999 -9999 -9999 -9999 -9999 -9999
-9999 -9999 -9999 -9999 -9999 -9999 -9999 -9999 -9999 -9999 -9999 -9999 -9999 -9999 -9999 -9999 -9999 -9999 -9999 -9999 -9999 -9999 -9999 -9999 0.00628989 0.00165854 0.00593748 0.00702936 0.00728778 0.00858059 0.0100479 0.0102339 0.00950919 0.0103418 0.012992 0.0154764 0.0170019 0.0175735 0.0173984 0.0165328 0.0148574 0.0122493 0.00913159 0.0074797 0.00856065 0.0104937 0.0124007 0.013491 0.0130779 0.0108393 0.00699883 0.00524126 0.010015 0.0159145 0.0216437 0.0270656 0.0323721 0.0373673 -9999 -9999 -9999 -9999 -9999 -9999 -9999 -9999 -9999 -9999 -9999 -9999 -9999 -9999 -9999 -9999 -9999 -9999 -9999 -9999 -9999 -9999
-9999 -9999 -9999 -9999 -9999 -9999 -9999 -9999 -9999 -9999 -9999 -9999 -9999 -9999 -9999 -9999 -9999 -9999 -9999 -9999 -9999 -9999 -9999 -9999 0.00662708 0.00415388 0.00507901 0.00659479 0.00589973 0.00644058 0.00847052 0.00802979 0.00462174 0.00558408 0.0104247 0.0136441 0.0152742 0.015878 0.0159787 0.015683 0.0147066 0.012843 0.0104523 0.00872527 0.00900629 0.0109715 0.0130324 0.0140673 0.0134692 0.0108743 0.00613608 0.00321858 0.00977958 0.0163239 0.0224077 0.0279541 0.0331734 -9999 -9999 -9999 -9999 -9999 -9999 -9999 -9999 -9999 -9999 -9999 -9999 -9999 -9999 -9999 -9999 -9999 -9999 -9999 -9999 -9999 -9999 -9999
-9999 -9999 -9999 -9999 -9999 -9999 -9999 -9999 -9999 -9999 -9999 -9999 -9999 -9999 -9999 -9999 -9999 -9999 -9999 -9999 -9999 -9999 -9999 0.00771367 0.00672176 0.00411724 0.00256538 0.00575824 0.00331132 0.00383899 0.00782495 0.00785359 0.00473059 0.00547912 0.00970854 0.0122861 0.0131889 0.0132431 0.0134895 0.0140011 0.0139158 0.0125815 0.0098684 0.00642856 0.00625984 0.00992859 0.0129882 0.0145053 0.0143599 0.0126718 0.0102453 0.00976397 0.0132539 0.0185185 0.0240096 0.0293348 0.0344651 -9999 -9999 -9999 -9999 -9999 -9999 -9999 -9999 -9999 -9999 -9999 -9999 -9999 -9999 -9999 -9999 -9999 -9999 -9999 -9999 -9999 -9999 -9999
-9999 -9999 -9999 -9999 -9999 -9999 -9999 -9999 -9999 -9999 -9999 -9999 -9999 -9999 -9999 -9999 -9999 -9999 -9999 -9999 -9999 -9999 0.00661108 0.00284086 0.00603338 0.00613938 0.00567044 0.00660338 0.00649482 0.00728429 0.0092431 0.00956908 0.00865542 0.00884523 0.0103295 0.0112248 0.0106706 0.00931429 0.00968073 0.0116555 0.012782 0.0121056 0.00936465 0.00430063 0.00372038 0.00939565 0.013043 0.0149452 0.0154311 0.0149508 0.0143319 0.014918 0.01746 0.0215642 0.0262575 0.0311317 -9999 -9999 -9999 -9999 -9999 -9999 -9999 -9999 -9999 -9999 -9999 -9999 -9999 -9999 -9999 -9999 -9999 -9999 -9999 -9999 -9999 -9999 -9999 -9999
-9999 -9999 -9999 -9999 -9999 -9999 -9999 -9999 -9999 -9999 -9999 -9999 -9999 -9999 -9999 -9999 -9999 -9999 -9999 -9999 -9999 0.00918788 0.00616166 0.0045235 0.00689012 0.00705438 0.00538085 0.00613474 0.00836274 0.0099368 0.0108917 0.010819 0.0100917 0.00980131 0.0100696 0.00986514 0.00818885 0.00420665 0.00507172 0.00960643 0.0118397 0.0119361 0.0103487 0.00805756 0.00803969 0.0108064 0.0134876 0.0152049 0.0160825 0.0165289 0.017086 0.0184513 0.0209205 0.0244676 0.0286769 0.0334765 -9999 -9999 -9999 -9999 -9999 -9999 -9999 -9999 -9999 -9999 -9999 -9999 -9999 -9999 -9999 -9999 -9999 -9999 -9999 -9999 -9999 -9999 -9999 -9999
-9999 -9999 -9999 -9999 -9999 -9999 -9999 -9999 -9999 -9999 -9999 -9999 -9999 -9999 -9999 -9999 -9999 -9999 -9999 -9999 0.00892187 0.00582981 0.00680024 0.00806038 0.00877599 0.00743597 0.00276172 0.00467069 0.00899254 0.0110354 0.011489 0.0105981 0.00883162 0.00786259 0.00805202 0.00763308 0.00691652 0.0048397 0.00578693 0.00939232 0.0112548 0.0115663 0.0110982 0.0105533 0.0107973 0.0120461 0.0135485 0.0147491 0.0157245 0.0168474 0.0184178 0.0205959 0.0233923 0.0269723 0.0310622 -9999 -9999 -9999 -9999 -9999 -9999 -9999 -9999 -9999 -9999 -9999 -9999 -9999 -9999 -9999 -9999 -9999 -9999 -9999 -9999 -9999 -9999 -9999 -9999 -9999
-9999 -9999 -9999 -9999 -9999 -9999 -9999 -9999 -9999 -9999 -9999 -9999 -9999 -9999 -9999 -9999 -9999 -9999 -9999 0.0111969 0.00596163 0.00128728 0.00693239 0.00972784 0.0103584 0.0091221 0.0070874 0.00766735 0.0100202 0.011322 0.0110817 0.00935724 0.00580539 0.00316309 0.00519955 0.00326224 0.00595179 0.0078534 0.00902788 0.0101687 0.0103429 0.00994301 0.0101175 0.0105805 0.0109314 0.0115485 0.0123591 0.0130028 0.0139051 0.0156827 0.0182851 0.0213977 0.0248774 0.0286825 0.0330582 -9999 -9999 -9999 -9999 -9999 -9999 -9999 -9999 -9999 -9999 -9999 -9999 -9999 -9999 -9999 -9999 -9999 -9999 -9999 -9999 -9999 -9999 -9999 -9999 -9999
-9999 -9999 -9999 -9999 -9999 -9999 -9999 -9999 -9999 -9999 -9999 -9999 -9999 -9999 -9999 -9999 -9999 -9999 0.0136714 0.00859813 0.00545347 0.00588732 0.0087919 0.0110181 0.0113992 0.0103632 0.00924441 0.00948395 0.0105768 0.0108776 0.00976412 0.00792202 0.00564961 0.00438032 0.0056168 0.00405183 0.00701926 0.00970261 0.0106707 0.0103322 0.00847111 0.0060856 0.00726215 0.00881171 0.00873949 0.0089929 0.00981311 0.00976388 0.0102964 0.0131363 0.0171672 0.0214145 0.0256355 0.0302524 -9999 -9999 -9999 -9999 -9999 -9999 -9999 -9999 -9999 -9999 -9999 -9999 -9999 -9999 -9999 -9999 -9999 -9999 -9999 -9999 -9999 -9999 -9999 -9999 -9999 -9999
-9999 -9999 -9999 -9999 -9999 -9999 -9999 -9999 -9999 -9999 -9999 -9999 -9999 -9999 -9999 -9999 -9999 -9999 0.0117564 0.00587806 0.00196737 0.00726929 0.0105313 0.0120644 0.0117048 0.00981512 0.00797526 0.00847446 0.0099414 0.00982882 0.00737206 0.00489109 0.00642369 0.00798406 0.00887535 0.0091342 0.0101669 0.0112206 0.0111938 0.00993647 0.00708958 0.00169582 0.00526534 0.00714544 0.0048842 0.00475087 0.00713345 0.0057072 0.00484734 0.0103494 0.0161227 0.0213705 0.0264062 0.0312572 -9999 -9999 -9999 -9999 -9999 -9999 -9999 -9999 -9999 -9999 -9999 -9999 -9999 -9999 -9999 -9999 -9999 -9999 -9999 -9999 -9999 -9999 -9999 -9999 -9999 -9999
-9999 -9999 -9999 -9999 -9999 -9999 -9999 -9999 -9999 -9999 -9999 -9999 -9999 -9999 -9999 -9999 -9999 0.0146483 0.0113375 0.00767165 0.00635963 0.00942653 0.0121044 0.0129905 0.0117886 0.00837044 0.00341009 0.00567322 0.00909431 0.00938187 0.00633737 0.0020785 0.00695094 0.0100386 0.0114988 0.0120942 0.0123167 0.0119521 0.0106391 0.00882313 0.00737645 0.00652643 0.00755872 0.0078157 0.00502155 0.00469652 0.00694176 0.00528813 0.00419365 0.0101733 0.0163098 0.022015 0.0273573 -9999 -9999 -9999 -9999 -9999 -9999 -9999 -9999 -9999 -9999 -9999 -9999 -9999 -9999 -9999 -9999 -9999 -9999 -9999 -9999 -9999 -9999 -9999 -9999 -9999 -9999 -9999
-9999 -9999 -9999 -9999 -9999 -9999 -9999 -9999 -9999 -9999 -9999 -9999 -9999 -9999 -9999 -9999 -9999 0.0125238 0.0113104 0.010412 0.010631 0.0122498 0.013832 0.014154 0.0126751 0.00926118 0.00510517 0.00670931 0.00983362 0.0105001 0.00905985 0.00794739 0.00953157 0.0116396 0.0129504 0.0134359 0.0131434 0.0117987 0.00899807 0.00555209 0.00618803 0.00854995 0.0100238 0.010179 0.00913272 0.00869343 0.00896766 0.00859339 0.00922475 0.0127528 0.017774 0.0231497 0.0284548 -9999 -9999 -9999 -9999 -9999 -9999 -9999 -9999 -9999 -9999 -9999 -9999 -9999 -9999 -9999 -9999 -9999 -9999 -9999 -9999 -9999 -9999 -9999 -9999 -9999 -9999 -9999
-9999 -9999 -9999 -9999 -9999 -9999 -9999 -9999 -9999 -9999 -9999 -9999 -9999 -9999 -9999 -9999 -9999 0.00917558 0.0101554 0.0112384 0.0125635 0.0141014 0.0152791 0.0154811 0.0144256 0.0123812 0.0106319 0.0108692 0.0120353 0.0122955 0.0115336 0.010887 0.0112754 0.0122735 0.0131148 0.0134246 0.0129619 0.0113868 0.00812635 0.00275786 0.00538769 0.00966171 0.0117602 0.0122131 0.0115761 0.0106605 0.01005 0.0102085 0.0117781 0.0150483 0.0195999 0.0246015 -9999 -9999 -9999 -9999 -9999 -9999 -9999 -9999 -9999 -9999 -9999 -9999 -9999 -9999 -9999 -9999 -9999 -9999 -9999 -9999 -9999 -9999 -9999 -9999 -9999 -9999 -9999 -9999
-9999 -9999 -9999 -9999 -9999 -9999 -9999 -9999 -9999 -9999 -9999 -9999 -9999 -9999 -9999 -9999 0.00421789 0.00477271 0.00776696 0.0101625 0.0126644 0.014733 0.0160656 0.0165089 0.0160989 0.0151477 0.0143156 0.0141039 0.0141167 0.0135883 0.0123583 0.0110822 0.0106785 0.0111428 0.0117287 0.0120581 0.01181 0.0108969 0.00930686 0.00780312 0.00892348 0.0114704 0.0130955 0.013344 0.0123367 0.0104029 0.00852299 0.00896613 0.0120327 0.0162297 0.0209642 0.0261026 -9999 -9999 -9999 -9999 -9999 -9999 -9999 -9999 -9999 -9999 -9999 -9999 -9999 -9999 -9999 -9999 -9999 -9999 -9999 -9999 -9999 -9999 -9999 -9999 -9999 -9999 -9999 -9999
-9999 -9999 -9999 -9999 -9999 -9999 -9999 -9999 -9999 -9999 -9999 -9999 -9999 -9999 0.00867573 0.00700829 0.00455207 0.00416574 0.00412488 0.00780102 0.0117608 0.0144378 0.0160459 0.0168247 0.0169497 0.0166608 0.0162692 0.015909 0.0153278 0.0140354 0.0117308 0.00883729 0.00746126 0.00813112 0.00863326 0.0093577 0.00935716 0.00932448 0.00990824 0.010609 0.0117264 0.0130769 0.0138958 0.0136982 0.0122064 0.00904834 0.00431797 0.0054763 0.0114048 0.0169739 0.0222342 -9999 -9999 -9999 -9999 -9999 -9999 -9999 -9999 -9999 -9999 -9999 -9999 -9999 -9999 -9999 -9999 -9999 -9999 -9999 -9999 -9999 -9999 -9999 -9999 -9999 -9999 -9999 -9999 -9999
-9999 -9999 -9999 -9999 -9999 -9999 -9999 -9999 -9999 -9999 -9999 -9999 0.0139676 0.00821217 0.00308656 0.00541379 0.00614929 0.00517293 0.00261694 0.00683313 0.0109623 0.0135826 0.0151593 0.0161251 0.0166406 0.0167666 0.0166595 0.0163788 0.0156786 0.014064 0.0109729 0.00595094 0.00201391 0.00468594 0.00364555 0.00623784 0.00551444 0.00578298 0.00910303 0.0113825 0.0127371 0.0135193 0.013764 0.0133868 0.0120557 0.00923587 0.0051701 0.0065114 0.0125565 0.0184044 0.0238118 -9999 -9999 -9999 -9999 -9999 -9999 -9999 -9999 -9999 -9999 -9999 -9999 -9999 -9999 -9999 -9999 -9999 -9999 -9999 -9999 -9999 -9999 -9999 -9999 -9999 -9999 -9999 -9999 -9999
-9999 -9999 -9999 -9999 -9999 -9999 -9999 -9999 -9999 -9999 -9999 0.0165887 0.0121629 0.00752356 0.00359645 0.00362853 0.00463922 0.00476012 0.00452081 0.00743093 0.0103813 0.0121122 0.0132104 0.0142802 0.0151318 0.0155087 0.0155976 0.0156258 0.0153586 0.0142274 0.0117192 0.00793601 0.00560918 0.00538755 0.0038135 0.00568572 0.00387796 0.00401235 0.00852882 0.0110769 0.0122648 0.0125248 0.0122956 0.0121446 0.0119346 0.0111104 0.0103294 0.0118029 0.0158697 0.0208224 0.0258675 -9999 -9999 -9999 -9999 -9999 -9999 -9999 -9999 -9999 -9999 -9999 -9999 -9999 -9999 -9999 -9999 -9999 -9999 -9999 -9999 -9999 -9999 -9999 -9999 -9999 -9999 -9999 -9999 -9999
-9999 -9999 -9999 -9999 -9999 -9999 -9999 -9999 -9999 -9999 0.0181855 0.014016 0.0104996 0.00805051 0.00580151 0.00237325 0.00119606 0.00332414 0.00260721 0.0073364 0.00945116 0.00965593 0.00981612 0.0113246 0.0126922 0.0130481 0.0130819 0.0136569 0.0144292 0.0144954 0.0134476 0.0116585 0.0101766 0.00904099 0.0077874 0.00677599 0.00586489 0.00665773 0.00857867 0.00991105 0.0105872 0.0102002 0.00907228 0.00946436 0.0112881 0.012857 0.0141812 0.0162932 0.0195937 0.0237476 0.028165 -9999 -9999 -9999 -9999 -9999 -9999 -9999 -9999 -9999 -9999 -9999 -9999 -9999 -9999 -9999 -9999 -9999 -9999 -9999 -9999 -9999 -9999 -9999 -9999 -9999 -9999 -9999 -9999 -9999
-9999 -9999 -9999 -9999 -9999 -9999 -9999 -9999 -9999 -9999 0.0152127 0.0108782 0.00711063 0.0065904 0.00681932 0.00617837 0.00552599 0.00531138 0.00588689 0.00778725 0.00840071 0.00637436 0.00450022 0.00808971 0.0101586 0.00976508 0.00894152 0.0104927 0.0130195 0.0146385 0.0149877 0.0143862 0.0132946 0.0117721 0.00945666 0.00586783 0.0035057 0.00648816 0.00737105 0.00707965 0.00801456 0.00754266 0.00405922 0.00565165 0.0106066 0.014246 0.0170306 0.0197701 0.0228927 0.026602 -9999 -9999 -9999 -9999 -9999 -9999 -9999 -9999 -9999 -9999 -9999 -9999 -9999 -9999 -9999 -9999 -9999 -9999 -9999 -9999 -9999 -9999 -9999 -9999 -9999 -9999 -9999 -9999 -9999 -9999
-9999 -9999 -9999 -9999 -9999 -9999 -9999 -9999 -9999 0.0160962 0.0125 0.00837189 0.00237901 0.00374793 0.00560289 0.00625876 0.00602377 0.0038449 0.00523655 0.00719119 0.00762725 0.00567076 0.00343518 0.00739184 0.00893636 0.00689915 0.00278711 0.00723916 0.0119425 0.0148091 0.0160829 0.0161267 0.0153042 0.0136467 0.010902 0.0067415 0.00410698 0.00665927 0.00583438 0.00140065 0.00600804 0.00718719 0.00481233 0.00658475 0.0117584 0.0159916 0.0193724 0.0224212 0.0255204 0.0288482 -9999 -9999 -9999 -9999 -9999 -9999 -9999 -9999 -9999 -9999 -9999 -9999 -9999 -9999 -9999 -9999 -9999 -9999 -9999 -9999 -9999 -9999 -9999 -9999 -9999 -9999 -9999 -9999 -9999 -9999
-9999 -9999 -9999 -9999 -9999 -9999 -9999 -9999 0.0162319 0.0125078 0.00984456 0.00792131 0.00548865 0.0022849 0.00301129 0.00316679 0.00542471 0.00340515 0.00428046 0.00458235 0.00668342 0.00787672 0.00827386 0.00945479 0.00963208 0.00750501 0.00476446 0.00798073 0.0123452 0.0153249 0.0168315 0.0171522 0.0165019 0.0150414 0.0128947 0.0104974 0.00924075 0.00921569 0.00788441 0.00604259 0.00811212 0.00982541 0.0101512 0.0116314 0.0148499 0.0183465 0.0215797 0.024628 0.0274995 0.0304718 -9999 -9999 -9999 -9999 -9999 -9999 -9999 -9999 -9999 -9999 -9999 -9999 -9999 -9999 -9999 -9999 -9999 -9999 -9999 -9999 -9999 -9999 -9999 -9999 -9999 -9999 -9999 -9999 -9999 -9999
-9999 -9999 -9999 -9999 -9999 -9999 -9999 0.0167937 0.0126501 0.00812265 0.00590089 0.00739335 0.00765592 0.0062753 0.00486822 0.00404425 0.00556062 0.00573171 0.0050266 0.00193825 0.00658083 0.0096278 0.0108719 0.0112788 0.010908 0.00988453 0.00944674 0.0110775 0.0137818 0.0160321 0.0172537 0.0174904 0.0168737 0.0156726 0.0142452 0.0130586 0.0124966 0.0122875 0.011785 0.0114914 0.012356 0.0135563 0.0145525 0.0159845 0.018202 0.0208057 0.0235116 0.0262146 0.0288251 0.0315542 0.0347351 -9999 -9999 -9999 -9999 -9999 -9999 -9999 -9999 -9999 -9999 -9999 -9999 -9999 -9999 -9999 -9999 -9999 -9999 -9999 -9999 -9999 -9999 -9999 -9999 -9999 -9999 -9999 -9999 -9999
-9999 -9999 -9999 -9999 -9999 -9999 -9999 0.0134325 0.0100173 0.00536935 0.00225492 0.00714494 0.00893154 0.00854293 0.00661442 0.00316186 0.00389053 0.00385288 0.00576191 0.00680946 0.00900485 0.0111959 0.0120861 0.0117972 0.0109408 0.0105073 0.0111897 0.0128502 0.0148149 0.0163791 0.0171356 0.017066 0.0162444 0.0150276 0.0140028 0.0136629 0.014 0.0145517 0.0149459 0.0153669 0.0160434 0.0169344 0.0178974 0.0191038 0.0207096 0.0226108 0.0247285 0.0269715 0.0292607 0.0320458 0.0346572 -9999 -9999 -9999 -9999 -9999 -9999 -9999 -9999 -9999 -9999 -9999 -9999 -9999 -9999 -9999 -9999 -9999 -9999 -9999 -9999 -9999 -9999 -9999 -9999 -9999 -9999 -9999 -9999 -9999
-9999 -9999 -9999 -9999 -9999 -9999 0.0129088 0.00970574 0.00844105 0.00723253 0.00676012 0.0082731 0.00943378 0.009245 0.0072685 0.00406668 0.00383351 0.00256457 0.00539102 0.00840144 0.0108025 0.012297 0.0123956 0.0109728 0.00878918 0.00835627 0.0104897 0.012969 0.0148382 0.015904 0.0162441 0.0158071 0.0145736 0.0128362 0.0116974 0.0122504 0.0139345 0.0156708 0.0169567 0.0178918 0.0186018 0.0193313 0.0200872 0.020977 0.0220994 0.0235067 0.0250391 0.0270124 0.029109 0.0313069 0.0337453 -9999 -9999 -9999 -9999 -9999 -9999 -9999 -9999 -9999 -9999 -9999 -9999 -9999 -9999 -9999 -9999 -9999 -9999 -9999 -9999 -9999 -9999 -9999 -9999 -9999 -9999 -9999 -9999 -9999
-9999 -9999 -9999 -9999 -9999 0.0142366 0.00872196 0.00432505 0.00657571 0.00831235 0.00833725 0.00801032 0.00849548 0.00888853 0.00730376 0.00374046 0.00400759 0.00304537 0.00368638 0.00868662 0.011559 0.0128043 0.01234 0.00984049 0.00513302 0.00376668 0.0088904 0.0122527 0.0139617 0.0145357 0.0144512 0.0138328 0.0122506 0.0094064 0.00710363 0.00919951 0.0129534 0.0159916 0.0180862 0.019368 0.0201284 0.0205925 0.0210812 0.021609 0.0223535 0.0232459 0.0244677 0.0258498 0.0276524 0.0298527 0.0322374 -9999 -9999 -9999 -9999 -9999 -9999 -9999 -9999 -9999 -9999 -9999 -9999 -9999 -9999 -9999 -9999 -9999 -9999 -9999 -9999 -9999 -9999 -9999 -9999 -9999 -9999 -9999 -9999 -9999
-9999 -9999 -9999 -9999 0.0166254 0.0122685 0.00748651 0.00321323 0.00658938 0.00872278 0.00784525 0.00481228 0.00562491 0.00805998 0.00737236 0.00386933 0.00333453 0.00483963 0.00638458 0.00949723 0.0118291 0.0129041 0.0124768 0.0102156 0.00637178 0.00540497 0.00902866 0.011646 0.0125443 0.0121745 0.0115864 0.0113584 0.0103008 0.00692846 0.000416214 0.00704965 0.0125861 0.0163973 0.0188507 0.0202039 0.0207155 0.0208419 0.0208778 0.0210915 0.0215255 0.0220101 0.0227399 0.0237656 0.0251966 0.0272002 0.0296617 0.0326242 -9999 -9999 -9999 -9999 -9999 -9999 -9999 -9999 -9999 -9999 -9999 -9999 -9999 -9999 -9999 -9999 -9999 -9999 -9999 -9999 -9999 -9999 -9999 -9999 -9999 -9999 -9999 -9999
-9999 -9999 -9999 0.0182839 0.0139371 0.0109416 0.00894954 0.00810761 0.00903036 0.00958678 0.00798641 0.00398314 0.00504178 0.00813741 0.00811718 0.00557552 0.00187061 0.00553803 0.00794221 0.00979464 0.0112964 0.0124265 0.0126628 0.0116122 0.00985814 0.00916881 0.0100907 0.0110801 0.0108087 0.00885627 0.0071777 0.00858235 0.00964275 0.00852867 0.00717506 0.00987719 0.0141275 0.0174645 0.0196102 0.0206034 0.0206953 0.02025 0.0196779 0.0192648 0.0192363 0.0194069 0.0197588 0.0202818 0.0214851 0.023601 0.0263878 0.0295275 -9999 -9999 -9999 -9999 -9999 -9999 -9999 -9999 -9999 -9999 -9999 -9999 -9999 -9999 -9999 -9999 -9999 -9999 -9999 -9999 -9999 -9999 -9999 -9999 -9999 -9999 -9999 -9999
-9999 -9999 -9999 0.015135 0.0101992 0.0083307 0.00910461 0.0100379 0.0105071 0.0102667 0.00921489 0.0079787 0.00824721 0.00911802 0.00846046 0.00645808 0.00438198 0.00455016 0.00728824 0.0082995 0.00912272 0.0109949 0.0124056 0.0124517 0.0114111 0.0101605 0.00959832 0.00983945 0.00933099 0.00624495 0.000585762 0.00694936 0.0104071 0.0116644 0.012405 0.014248 0.0168317 0.0191367 0.0205026 0.0207621 0.0200983 0.018711 0.0171486 0.0160392 0.0157733 0.0159257 0.0158136 0.0157012 0.0166692 0.0191956 0.0226402 -9999 -9999 -9999 -9999 -9999 -9999 -9999 -9999 -9999 -9999 -9999 -9999 -9999 -9999 -9999 -9999 -9999 -9999 -9999 -9999 -9999 -9999 -9999 -9999 -9999 -9999 -9999 -9999 -9999
-9999 -9999 0.0200624 0.0129164 0.00572114 0.00378959 0.00818061 0.0103031 0.0103895 0.00941911 0.00887267 0.00912039 0.00958048 0.0094925 0.00766118 0.00437228 0.00346991 0.00343919 0.00641048 0.00526863 0.00476477 0.00904796 0.0118702 0.0125826 0.0114327 0.00884873 0.00644962 0.00750251 0.00872646 0.00768294 0.00657147 0.00930832 0.0125986 0.0147982 0.016389 0.0180332 0.019706 0.0210421 0.0215347 0.0209837 0.0193265 0.0167234 0.0137133 0.0115123 0.011431 0.0121063 0.0115981 0.0101777 0.0108167 0.0145141 -9999 -9999 -9999 -9999 -9999 -9999 -9999 -9999 -9999 -9999 -9999 -9999 -9999 -9999 -9999 -9999 -9999 -9999 -9999 -9999 -9999 -9999 -9999 -9999 -9999 -9999 -9999 -9999 -9999 -9999
-9999 -9999 0.0205549 0.0137504 0.00725771 0.00561675 0.00901332 0.0105516 0.00941774 0.00637515 0.00572295 0.0076014 0.00874764 0.00912007 0.00732882 0.00306779 0.00464686 0.00633705 0.00705361 0.00506212 0.00422621 0.00885988 0.0118345 0.0126334 0.011277 0.00760621 0.00124081 0.00558838 0.00883375 0.00990008 0.0107382 0.0127474 0.0153653 0.017697 0.0195779 0.0210782 0.0222899 0.0229479 0.0227565 0.021473 0.0189694 0.0152034 0.0103183 0.00562001 0.0067243 0.00919387 0.0085845 0.00465891 0.00473971 0.0110381 -9999 -9999 -9999 -9999 -9999 -9999 -9999 -9999 -9999 -9999 -9999 -9999 -9999 -9999 -9999 -9999 -9999 -9999 -9999 -9999 -9999 -9999 -9999 -9999 -9999 -9999 -9999 -9999 -9999 -9999
-9999 -9999 0.0229405 0.0174754 0.0131731 0.0115879 0.0121033 0.0119685 0.009627 0.00464357 0.00308841 0.0045749 0.00608938 0.00854912 0.00856652 0.00694248 0.00592621 0.00632688 0.00773486 0.00805033 0.00855069 0.0105157 0.0123078 0.0128647 0.0118358 0.0092472 0.00664287 0.00731579 0.00907785 0.0106626 0.0125981 0.0150433 0.0176993 0.0201462 0.0221652 0.0236659 0.0245911 0.024834 0.0242007 0.0225394 0.0196586 0.0154453 0.00987411 0.00348708 0.00560512 0.00903511 0.00895487 0.00603112 0.00617875 0.0111512 -9999 -9999 -9999 -9999 -9999 -9999 -9999 -9999 -9999 -9999 -9999 -9999 -9999 -9999 -9999 -9999 -9999 -9999 -9999 -9999 -9999 -9999 -9999 -9999 -9999 -9999 -9999 -9999 -9999 -9999
-9999 -9999 0.0263421 0.0220197 0.0187268 0.0168708 0.0159526 0.0147116 0.0122783 0.00900424 0.00665676 0.00340958 0.00489577 0.00882931 0.00977902 0.00827004 0.00444124 0.0031192 0.00747309 0.00933299 0.0103127 0.0113242 0.0122329 0.0127212 0.0124241 0.0111922 0.00957136 0.00826056 0.00766556 0.0093568 0.012685 0.0161615 0.0193402 0.0220814 0.024269 0.0258531 0.0267503 0.0268221 0.026023 0.0243331 0.021587 0.0179347 0.0137069 0.0104472 0.0106021 0.0121703 0.0124253 0.0116317 0.0119616 0.0141869 0.016714 -9999 -9999 -9999 -9999 -9999 -9999 -9999 -9999 -9999 -9999 -9999 -9999 -9999 -9999 -9999 -9999 -9999 -9999 -9999 -9999 -9999 -9999 -9999 -9999 -9999 -9999 -9999 -9999 -9999
-9999 -9999 0.0299838 0.0263587 0.0234914 0.0214313 0.0198435 0.0181328 0.0159325 0.0134374 0.0110625 0.00904237 0.00916822 0.0107362 0.0111238 0.00964934 0.00663598 0.00562209 0.00763789 0.00879851 0.00966514 0.0102356 0.0106015 0.0114261 0.0121536 0.011912 0.0104324 0.00745132 0.00310284 0.00662352 0.0122039 0.016802 0.0205527 0.0236003 0.0260336 0.0277621 0.0287394 0.028831 0.0282184 0.0267314 0.0245646 0.0217555 0.0190341 -9999 -9999 -9999 -9999 0.0170173 0.0171845 0.0179554 0.0187613 -9999 -9999 -9999 -9999 -9999 -9999 -9999 -9999 -9999 -9999 -9999 -9999 -9999 -9999 -9999 -9999 -9999 -9999 -9999 -9999 -9999 -9999 -9999 -9999 -9999 -9999 -9999 -9999 -9999
-9999 -9999 0.0334385 0.0300841 0.0273945 0.025235 0.0233884 0.0215159 0.0194706 0.0173255 0.0152958 0.0137077 0.013017 0.0128721 0.0123505 0.0111121 0.00954581 0.00842703 0.00730828 0.00598866 0.00715697 0.00754903 0.00679619 0.00874131 0.0110384 0.0117232 0.0107247 0.00804775 0.00473379 0.00760811 0.0130156 0.0177742 0.0217316 0.0249623 0.0275732 0.0294243 0.0306508 0.0311102 0.0306625 0.0296909 -9999 -9999 -9999 -9999 -9999 -9999 -9999 -9999 -9999 -9999 -9999 -9999 -9999 -9999 -9999 -9999 -9999 -9999 -9999 -9999 -9999 -9999 -9999 -9999 -9999 -9999 -9999 -9999 -9999 -9999 -9999 -9999 -9999 -9999 -9999 -9999 -9999 -9999 -9999 -9999
-9999 0.04085 0.0367959 0.0332808 0.0306349 0.0283866 0.0263617 0.0244425 0.0224574 0.0204692 0.0185695 0.0168793 0.01544 0.0140539 0.0125287 0.0111306 0.0102163 0.00922345 0.00665609 0.000911606 0.00516764 0.0055196 0.000294239 0.00648914 0.00996908 0.0110185 0.0106555 0.00975255 0.00941242 0.0113456 0.015097 0.0191878 0.0229611 0.0262466 0.0288579 0.0310353 0.0324532 0.0332344 0.033652 -9999 -9999 -9999 -9999 -9999 -9999 -9999 -9999 -9999 -9999 -9999 -9999 -9999 -9999 -9999 -9999 -9999 -9999 -9999 -9999 -9999 -9999 -9999 -9999 -9999 -9999 -9999 -9999 -9999 -9999 -9999 -9999 -9999 -9999 -9999 -9999 -9999 -9999 -9999 -9999 -9999
-9999 0.042924 0.0393654 0.0359967 0.0331748 0.0308165 0.0286424 0.0266012 0.0246123 0.0226655 0.0207447 0.0187898 0.0166483 0.0140984 0.0111534 0.00884191 0.00873271 0.00919057 0.0080727 0.00626366 0.00663834 0.00668619 0.00598489 0.0078497 0.00958683 0.00955435 0.00913262 0.0098624 0.0114316 0.0137739 0.016924 0.0204995 0.0240578 0.0273888 0.0300871 0.0325276 0.0342594 0.0354592 -9999 -9999 -9999 -9999 -9999 -9999 -9999 -9999 -9999 -9999 -9999 -9999 -9999 -9999 -9999 -9999 -9999 -9999 -9999 -9999 -9999 -9999 -9999 -9999 -9999 -9999 -9999 -9999 -9999 -9999 -9999 -9999 -9999 -9999 -9999 -9999 -9999 -9999 -9999 -9999 -9999 -9999
-9999 -9999 0.0413542 0.0379487 0.0349343 0.0323592 0.0300141 0.027844 0.0258069 0.0238605 0.0219121 0.0197804 0.0171788 0.0137334 0.00910474 0.00392132 0.00580359 0.00885356 0.009324 0.00816606 0.00690014 0.0070802 0.0083551 0.00950919 0.00938377 0.00707543 0.0050024 0.00811654 0.0115421 0.0145377 0.0177275 0.0212015 0.0247683 0.028254 0.0311654 0.0338705 0.0359928 -9999 -9999 -9999 -9999 -9999 -9999 -9999 -9999 -9999 -9999 -9999 -9999 -9999 -9999 -9999 -9999 -9999 -9999 -9999 -9999 -9999 -9999 -9999 -9999 -9999 -9999 -9999 -9999 -9999 -9999 -9999 -9999 -9999 -9999 -9999 -9999 -9999 -9999 -9999 -9999 -9999 -9999 -9999
-9999 -9999 0.0428023 0.0392513 0.0360252 0.0330993 0.0304831 0.0281027 0.0259613 0.0240304 0.0221717 0.0201358 0.0175738 0.014106 0.00947264 0.00459121 0.00622096 0.00926075 0.0098357 0.00796768 0.00379542 0.00475568 0.00864513 0.0102927 0.0096417 0.00632109 0.00244517 0.00720231 0.0109256 0.0139998 0.0173451 0.0210633 0.0250506 0.0288581 0.0323484 0.0353339 -9999 -9999 -9999 -9999 -9999 -9999 -9999 -9999 -9999 -9999 -9999 -9999 -9999 -9999 -9999 -9999 -9999 -9999 -9999 -9999 -9999 -9999 -9999 -9999 -9999 -9999 -9999 -9999 -9999 -9999 -9999 -9999 -9999 -9999 -9999 -9999 -9999 -9999 -9999 -9999 -9999 -9999 -9999 -9999
-9999 -9999 0.0440564 0.0400605 0.0364202 0.0331612 0.0301638 0.0273884 0.0250563 0.023143 0.021526 0.0199224 0.0179284 0.0152929 0.0121798 0.00975809 0.00958098 0.0103756 0.0102427 0.00846993 0.00524541 0.00595967 0.00927767 0.0108763 0.0106243 0.00891964 0.00754997 0.00825836 0.00969885 0.0121542 0.015952 0.020359 0.0248737 0.0290713 0.033184 -9999 -9999 -9999 -9999 -9999 -9999 -9999 -9999 -9999 -9999 -9999 -9999 -9999 -9999 -9999 -9999 -9999 -9999 -9999 -9999 -9999 -9999 -9999 -9999 -9999 -9999 -9999 -9999 -9999 -9999 -9999 -9999 -9999 -9999 -9999 -9999 -9999 -9999 -9999 -9999 -9999 -9999 -9999 -9999 -9999
-9999 -9999 0.0445864 0.040773 0.0364166 0.0325909 0.0290099 0.02578 0.0230774 0.021143 0.0199197 0.0190051 0.0179026 0.0163267 0.0143995 0.0126413 0.0114522 0.0106179 0.00995745 0.00937287 0.00876768 0.00909703 0.0101862 0.0109578 0.0111271 0.0106244 0.00959591 0.00811838 0.00658428 0.00878015 0.0140117 0.0195538 0.0247504 0.0295196 -9999 -9999 -9999 -9999 -9999 -9999 -9999 -9999 -9999 -9999 -9999 -9999 -9999 -9999 -9999 -9999 -9999 -9999 -9999 -9999 -9999 -9999 -9999 -9999 -9999 -9999 -9999 -9999 -9999 -9999 -9999 -9999 -9999 -9999 -9999 -9999 -9999 -9999 -9999 -9999 -9999 -9999 -9999 -9999 -9999 -9999
-9999 -9999 -9999 0.0407888 0.0360394 0.0316562 0.0273656 0.0233093 0.0200716 0.017952 0.0172488 0.0172823 0.0172223 0.0165919 0.0153525 0.0136477 0.0114885 0.00895435 0.00757924 0.0086808 0.00983567 0.0100702 0.00962654 0.00942532 0.0101268 0.0106061 0.00988805 0.00738289 0.00196552 0.00599332 0.0131465 0.0195254 0.0251914 0.0303033 -9999 -9999 -9999 -9999 -9999 -9999 -9999 -9999 -9999 -9999 -9999 -9999 -9999 -9999 -9999 -9999 -9999 -9999 -9999 -9999 -9999 -9999 -9999 -9999 -9999 -9999 -9999 -9999 -9999 -9999 -9999 -9999 -9999 -9999 -9999 -9999 -9999 -9999 -9999 -9999 -9999 -9999 -9999 -9999 -9999 -9999
-9999 -9999 -9999 0.0407697 0.0358217 0.0304441 0.0253241 0.020319 0.0159897 0.0134882 0.0134945 0.0148554 0.0159383 0.0160769 0.0152465 0.0135333 0.0107559 0.00633764 0.00219206 0.00711593 0.00969288 0.00963502 0.0073335 0.00529172 0.00766732 0.00934439 0.00937825 0.00823767 0.00678709 0.00921963 0.0148732 0.0208997 0.0265716 -9999 -9999 -9999 -9999 -9999 -9999 -9999 -9999 -9999 -9999 -9999 -9999 -9999 -9999 -9999 -9999 -9999 -9999 -9999 -9999 -9999 -9999 -9999 -9999 -9999 -9999 -9999 -9999 -9999 -9999 -9999 -9999 -9999 -9999 -9999 -9999 -9999 -9999 -9999 -9999 -9999 -9999 -9999 -9999 -9999 -9999 -9999
-9999 -9999 -9999 0.0408045 0.0354855 0.0297128 0.0237633 0.0175712 0.0114731 0.00739069 0.00892639 0.0123199 0.014469 0.0150375 0.0143347 0.012834 0.0105648 0.00731912 0.00527899 0.00794675 0.0098662 0.00939855 0.00624321 0.00202025 0.00607611 0.0072821 0.00759318 0.00892435 0.010609 0.0135531 0.0180832 0.023339 -9999 -9999 -9999 -9999 -9999 -9999 -9999 -9999 -9999 -9999 -9999 -9999 -9999 -9999 -9999 -9999 -9999 -9999 -9999 -9999 -9999 -9999 -9999 -9999 -9999 -9999 -9999 -9999 -9999 -9999 -9999 -9999 -9999 -9999 -9999 -9999 -9999 -9999 -9999 -9999 -9999 -9999 -9999 -9999 -9999 -9999 -9999 -9999
-9999 -9999 -9999 -9999 0.0357835 0.0299801 0.0234403 0.0166473 0.00926502 0.00132276 0.00618667 0.0110034 0.0133734 0.0136605 0.0125669 0.0111846 0.0102515 0.00948288 0.00918461 0.00977271 0.0101546 0.00964593 0.00826414 0.00713332 0.00698219 0.00456599 0.00368868 0.00891988 0.0131442 0.0171386 0.0215591 -9999 -9999 -9999 -9999 -9999 -9999 -9999 -9999 -9999 -9999 -9999 -9999 -9999 -9999 -9999 -9999 -9999 -9999 -9999 -9999 -9999 -9999 -9999 -9999 -9999 -9999 -9999 -9999 -9999 -9999 -9999 -9999 -9999 -9999 -9999 -9999 -9999 -9999 -9999 -9999 -9999 -9999 -9999 -9999 -9999 -9999 -9999 -9999 -9999
-9999 -9999 -9999 -9999 -9999 0.0311654 0.0250647 0.0184798 0.0123173 0.00826456 0.00935469 0.0120796 0.0132846 0.0124196 0.00989639 0.00768102 0.00843974 0.00999601 0.0105834 0.0101677 0.0091204 0.00867839 0.00921344 0.00961739 0.00896256 0.00641016 0.00609859 0.0110736 0.0160127 0.0205451 -9999 -9999 -9999 -9999 -9999 -9999 -9999 -9999 -9999 -9999 -9999 -9999 -9999 -9999 -9999 -9999 -9999 -9999 -9999 -9999 -9999 -9999 -9999 -9999 -9999 -9999 -9999 -9999 -9999 -9999 -9999 -9999 -9999 -9999 -9999 -9999 -9999 -9999 -9999 -9999 -9999 -9999 -9999 -9999 -9999 -9999 -9999 -9999 -9999 -9999
-9999 -9999 -9999 -9999 -9999 -9999 0.0279356 0.0223153 0.0176972 0.0148794 0.0144003 0.0148701 0.014476 0.0122304 0.00778335 0.00163098 0.00621478 0.00993493 0.0109386 0.0094806 0.0060637 0.00517657 0.00872267 0.0111724 0.0119096 0.0116465 0.0125452 0.0157808 0.0200432 -9999 -9999 -9999 -9999 -9999 -9999 -9999 -9999 -9999 -9999 -9999 -9999 -9999 -9999 -9999 -9999 -9999 -9999 -9999 -9999 -9999 -9999 -9999 -9999 -9999 -9999 -9999 -9999 -9999 -9999 -9999 -9999 -9999 -9999 -9999 -9999 -9999 -9999 -9999 -9999 -9999 -9999 -9999 -9999 -9999 -9999 -9999 -9999 -9999 -9999 -9999
-9999 -9999 -9999 -9999 -9999 -9999 -9999 -9999 0.023275 0.0207682 0.0194464 0.0185555 0.017061 0.0142397 0.0100398 0.00653496 0.00850034 0.0113706 0.0120183 0.00999418 0.00537994 0.00409112 0.0095516 0.0133128 0.0154044 0.0166584 0.018315 -9999 -9999 -9999 -9999 -9999 -9999 -9999 -9999 -9999 -9999 -9999 -9999 -9999 -9999 -9999 -9999 -9999 -9999 -9999 -9999 -9999 -9999 -9999 -9999 -9999 -9999 -9999 -9999 -9999 -9999 -9999 -9999 -9999 -9999 -9999 -9999 -9999 -9999 -9999 -9999 -9999 -9999 -9999 -9999 -9999 -9999 -9999 -9999 -9999 -9999 -9999 -9999 -9999
-9999 -9999 -9999 -9999 -9999 -9999 -9999 -9999 -9999 0.0262442 0.0244381 0.0228259 0.0208685 0.0182593 0.0153408 0.0134307 0.0137088 0.0147709 0.0147979 0.0132203 0.0108896 0.0107174 0.0136346 0.0168936 0.0194488 -9999 -9999 -9999 -9999 -9999 -9999 -9999 -9999 -9999 -9999 -9999 -9999 -9999 -9999 -9999 -9999 -9999 -9999 -9999 -9999 -9999 -9999 -9999 -9999 -9999 -9999 -9999 -9999 -9999 -9999 -9999 -9999 -9999 -9999 -9999 -9999 -9999 -9999 -9999 -9999 -9999 -9999 -9999 -9999 -9999 -9999 -9999 -9999 -9999 -9999 -9999 -9999 -9999 -9999 -9999
-9999 -9999 -9999 -9999 -9999 -9999 -9999 -9999 -9999 -9999 -9999 -9999 0.0254454 0.0232365 0.0211367 0.0197542 0.0193961 0.0193727 0.0190459 0.0180896 0.0171341 -9999 -9999 -9999 -9999 -9999 -9999 -9999 -9999 -9999 -9999 -9999 -9999 -9999 -9999 -9999 -9999 -9999 -9999 -9999 -9999 -9999 -9999 -9999 -9999 -9999 -9999 -9999 -9999 -9999 -9999 -9999 -9999 -9999 -9999 -9999 -9999 -9999 -9999 -9999 -9999 -9999 -9999 -9999 -9999 -9999 -9999 -9999 -9999 -9999 -9999 -9999 -9999 -9999 -9999 -9999 -9999 -9999 -9999 -9999
-9999 -9999 -9999 -9999 -9999 -9999 -9999 -9999 -9999 -9999 -9999 -9999 -9999 -9999 -9999 -9999 -9999 -9999 -9999 -9999 -9999 -9999 -9999 -9999 -9999 -9999 -9999 -9999 -9999 -9999 -9999 -9999 -9999 -9999 -9999 -9999 -9999 -9999 -9999 -9999 -9999 -9999 -9999 -9999 -9999 -9999 -9999 -9999 -9999 -9999 -9999 -9999 -9999 -9999 -9999 -9999 -9999 -9999 -9999 -9999 -9999 -9999 -9999 -9999 -9999 -9999 -9999 -9999 -9999 -9999 -9999 -9999 -9999 -9999 -9999 -9999 -9999 -9999 -9999 -9999
-9999 -9999 -9999 -9999 -9999 -9999 -9999 -9999 -9999 -9999 -9999 -9999 -9999 -9999 -9999 -9999 -9999 -9999 -9999 -9999 -9999 -9999 -9999 -9999 -9999 -9999 -9999 -9999 -9999 -9999 -9999 -9999 -9999 -9999 -9999 -9999 -9999 -9999 -9999 -9999 -9999 -9999 -9999 -9999 -9999 -9999 -9999 -9999 -9999 -9999 -9999 -9999 -9999 -9999 -9999 -9999 -9999 -9999 -9999 -9999 -9999 -9999 -9999 -9999 -9999 -9999 -9999 -9999 -9999 -9999 -9999 -9999 -9999 -9999 -9999 -9999 -9999 -9999 -9999 -9999
-9999 -9999 -9999 -9999 -9999 -9999 -9999 -9999 -9999 -9999 -9999 -9999 -9999 -9999 -9999 -9999 -9999 -9999 -9999 -9999 -9999 -9999 -9999 -9999 -9999 -9999 -9999 -9999 -9999 -9999 -9999 -9999 -9999 -9999 -9999 -9999 -9999 -9999 -9999 -9999 -9999 -9999 -9999 -9999 -9999 -9999 -9999 -9999 -9999 -9999 -9999 -9999 -9999 -9999 -9999 -9999 -9999 -9999 -9999 -9999 -9999 -9999 -9999 -9999 -9999 -9999 -9999 -9999 -9999 -9999 -9999 -9999 -9999 -9999 -9999 -9999 -9999 -9999 -9999 -9999
-9999 -9999 -9999 -9999 -9999 -9999 -9999 -9999 -9999 -9999 -9999 -9999 -9999 -9999 -9999 -9999 -9999 -9999 -9999 -9999 -9999 -9999 -9999 -9999 -9999 -9999 -9999 -9999 -9999 -9999 -9999 -9999 -9999 -9999 -9999 -9999 -9999 -9999 -9999 -9999 -9999 -9999 -9999 -9999 -9999 -9999 -9999 -9999 -9999 -9999 -9999 -9999 -9999 -9999 -9999 -9999 -9999 -9999 -9999 -9999 -9999 -9999 -9999 -9999 -9999 -9999 -9999 -9999 -9999 -9999 -9999 -9999 -9999 -9999 -9999 -9999 -9999 -9999 -9999 -9999
-9999 -9999 -9999 -9999 -9999 -9999 -9999 -9999 -9999 -9999 -9999 -9999 -9999 -9999 -9999 -9999 -9999 -9999 -9999 -9999 -9999 -9999 -9999 -9999 -9999 -9999 -9999 -9999 -9999 -9999 -9999 -9999 -9999 -9999 -9999 -9999 -9999 -9999 -9999 -9999 -9999 -9999 -9999 -9999 -9999 -9999 -9999 -9999 -9999 -9999 -9999 -9999 -9999 -9999 -9999 -9999 -9999 -9999 -9999 -9999 -9999 -9999 -9999 -9999 -9999 -9999 -9999 -9999 -9999 -9999 -9999 -9999 -9999 -9999 -9999 -9999 -9999 -9999 -9999 -9999
